Time(UTC),T0,U,WD,Ustd,Umax,RH,zm,p0,SWd,SWdstd,SWu,LWd,LWu,NRT,CJavg,TILTX,TILTY
2023-09-22 09:30:00,287.97999999999996,0.0,180.0,0.0,0.0,78.43,2.009,100170.0,501.2,935.2,384.8,672.8,688.7,320.2,17.24,-0.6,-6.07
2023-09-22 10:00:00,288.28999999999996,0.0,180.0,0.0,0.0,78.21,2.008,100180.0,269.7,133.1,58.7,358.2,407.0,290.28999999999996,18.77,-0.55,-6.07
2023-09-22 10:30:00,288.92999999999995,0.0,180.0,0.0,0.0,76.41,2.016,100180.0,394.7,194.2,96.7,355.5,411.3,291.84,20.39,-0.6,-6.1
2023-09-22 11:00:00,289.75,0.0,180.0,0.0,0.0,73.79,2.026,100180.0,544.1,188.3,138.2,356.9,420.2,293.52,22.37,-0.57,-6.12
2023-09-22 11:30:00,290.46999999999997,0.0,180.0,0.0,0.0,70.42,2.032,100190.0,547.8,217.4,139.1,352.2,425.4,294.76,24.24,-0.6,-6.12
2023-09-22 12:00:00,290.87,0.0,180.0,0.0,0.0,67.7,2.037,100220.0,501.1,184.7,126.7,350.0,425.8,295.29999999999995,25.03,-0.57,-6.1
2023-09-22 12:30:00,290.06,0.0,180.0,0.0,0.0,68.56,2.044,100270.0,299.3,32.9,76.1,358.0,411.4,292.46,22.16,-0.6,-6.07
2023-09-22 13:00:00,290.32,0.0,180.0,0.0,0.0,69.02,2.032,100270.0,281.9,41.8,71.7,363.4,414.0,292.53,21.66,-0.62,-6.07
2023-09-22 13:30:00,290.13,0.0,180.0,0.0,0.0,70.09,2.025,100270.0,215.2,46.9,55.5,373.5,411.2,292.14,21.03,-0.6,-6.07
2023-09-22 14:00:00,289.84,0.0,180.0,0.0,0.0,70.41,2.017,100300.0,180.4,25.3,46.9,367.3,407.8,291.48999999999995,20.12,-0.6,-6.05
2023-09-22 14:30:00,289.52,0.0,180.0,0.0,0.0,71.68,2.018,100310.0,154.3,17.1,41.3,369.7,405.4,290.85999999999996,19.26,-0.57,-6.05
2023-09-22 15:00:00,289.60999999999996,0.0,180.0,0.0,0.0,70.78,2.02,100340.0,216.0,57.5,57.9,372.4,408.3,291.16999999999996,19.59,-0.62,-6.07
2023-09-22 15:30:00,289.03999999999996,0.0,180.0,0.0,0.0,73.73,2.024,100330.0,95.1,16.8,25.6,373.2,401.8,290.17999999999995,18.25,-0.6,-6.07
2023-09-22 16:00:00,288.48999999999995,0.0,180.0,0.0,0.0,78.82,1.99,100340.0,64.4,4.4,19.4,368.1,398.0,289.01,16.89,-0.57,-6.05
2023-09-22 16:30:00,288.17999999999995,0.0,180.0,0.0,0.0,80.34,2.011,100360.0,48.5,4.3,15.8,363.8,395.0,288.4,15.97,-0.6,-6.05
2023-09-22 17:00:00,288.0,0.0,180.0,0.0,0.0,81.13,2.02,100350.0,32.3,14.2,11.8,361.6,393.1,288.04999999999995,15.36,-0.6,-6.05
2023-09-22 17:30:00,287.54999999999995,0.0,180.0,0.0,0.0,83.46,2.017,100380.0,7.9,2.4,5.6,367.9,390.3,287.27,14.37,-0.57,-6.05
2023-09-22 18:00:00,287.21999999999997,0.0,180.0,0.0,0.0,86.25,2.024,100410.0,1.7,0.9,4.8,375.7,389.3,286.69,13.82,-0.62,-6.02
2023-09-22 18:30:00,286.85999999999996,0.0,180.0,0.0,0.0,89.91,1.979,100430.0,1.1,0.2,4.9,375.8,387.9,286.08,13.3,-0.62,-6.02
2023-09-22 19:00:00,286.83,0.0,180.0,0.0,0.0,90.43,1.998,100460.0,1.5,0.1,5.2,379.0,388.3,286.07,13.15,-0.6,-6.05
2023-09-22 19:30:00,286.31,0.0,180.0,0.0,0.0,91.58,2.014,100520.0,1.2,0.2,5.0,376.4,386.0,285.78999999999996,12.95,-0.62,-6.02
2023-09-22 20:00:00,285.89,0.0,180.0,0.0,0.0,89.4,2.007,100560.0,1.1,0.1,5.7,373.1,383.1,285.15,12.41,-0.62,-6.02
2023-09-22 20:30:00,285.7,0.0,180.0,0.0,0.0,89.78,1.981,100610.0,1.4,0.1,5.3,372.5,382.5,284.92999999999995,12.08,-0.6,-6.05
2023-09-22 21:00:00,285.57,0.0,180.0,0.0,0.0,91.93,1.972,100610.0,1.4,0.1,4.9,371.8,382.1,284.97999999999996,12.0,-0.6,-6.05
2023-09-22 21:30:00,285.4,0.0,180.0,0.0,0.0,92.36,1.987,100640.0,1.4,0.1,4.8,370.0,381.0,284.78,11.81,-0.62,-6.02
2023-09-22 22:00:00,285.02,0.0,180.0,0.0,0.0,94.14,1.976,100630.0,1.1,0.1,4.4,363.9,377.7,284.4,11.41,-0.65,-6.0
2023-09-22 22:30:00,284.81,0.0,180.0,0.0,0.0,94.35,1.974,100670.0,1.2,0.1,5.0,360.2,375.4,284.04999999999995,11.0,-0.62,-6.02
2023-09-22 23:00:00,284.66999999999996,0.0,180.0,0.0,0.0,93.85,1.972,100690.0,1.2,0.2,5.2,359.4,374.9,283.9,10.83,-0.6,-6.02
2023-09-22 23:30:00,284.78,0.0,180.0,0.0,0.0,92.25,1.973,100720.0,1.5,0.1,5.5,364.3,376.5,283.97999999999996,10.87,-0.62,-6.02
2023-09-23 00:00:00,284.95,0.0,180.0,0.0,0.0,90.51,2.015,100740.0,1.5,0.1,5.7,363.6,376.4,284.01,10.9,-0.62,-6.02
2023-09-23 00:30:00,285.09,0.0,180.0,0.0,0.0,91.08,2.021,100790.0,1.8,0.1,5.2,369.9,378.2,284.29999999999995,11.13,-0.65,-6.0
2023-09-23 01:00:00,284.76,0.0,180.0,0.0,0.0,93.99,2.02,100770.0,1.5,0.1,4.2,367.4,377.3,284.26,11.2,-0.62,-6.0
2023-09-23 01:30:00,284.66999999999996,0.0,180.0,0.0,0.0,95.6,2.024,100800.0,1.6,0.1,4.0,366.0,376.7,284.15,10.99,-0.65,-6.0
2023-09-23 02:00:00,284.65,0.0,180.0,0.0,0.0,95.63,2.024,100820.0,1.3,0.2,4.3,363.3,375.6,284.15999999999997,10.99,-0.62,-6.02
2023-09-23 02:30:00,284.59999999999997,0.0,180.0,0.0,0.0,95.57,2.02,100830.0,1.5,0.1,4.2,366.4,376.5,284.15999999999997,11.01,-0.62,-6.02
2023-09-23 03:00:00,284.59999999999997,0.0,180.0,0.0,0.0,95.81,2.022,100870.0,1.3,0.2,4.3,363.1,375.5,284.14,10.98,-0.62,-6.0
2023-09-23 03:30:00,284.7,0.0,180.0,0.0,0.0,95.65,2.021,100870.0,1.2,0.3,4.7,361.6,373.9,284.02,10.78,-0.62,-6.05
2023-09-23 04:00:00,284.75,0.0,180.0,0.0,0.0,95.5,2.023,100900.0,0.8,0.4,5.0,360.3,373.1,284.02,10.79,-0.62,-6.05
2023-09-23 04:30:00,284.59999999999997,0.0,180.0,0.0,0.0,95.78,2.016,100930.0,0.9,0.4,5.3,359.8,370.9,283.65999999999997,10.4,-0.6,-6.02
2023-09-23 05:00:00,284.82,0.0,180.0,0.0,0.0,95.87,2.015,100970.0,1.6,0.4,4.6,367.5,373.9,284.09999999999997,10.68,-0.62,-6.02
2023-09-23 05:30:00,284.87,0.0,180.0,0.0,0.0,95.65,2.013,101010.0,2.6,1.3,4.3,370.1,375.8,284.40999999999997,11.11,-0.62,-6.02
2023-09-23 06:00:00,284.73999999999995,0.0,180.0,0.0,0.0,95.56,2.022,101060.0,13.9,5.8,8.0,366.1,374.5,284.2,11.1,-0.62,-6.02
2023-09-23 06:30:00,284.82,0.0,180.0,0.0,0.0,95.1,2.009,101090.0,37.8,6.1,14.9,363.8,374.2,284.15999999999997,11.19,-0.62,-6.02
2023-09-23 07:00:00,285.37,0.0,180.0,0.0,0.0,93.97,1.982,101140.0,68.1,10.7,26.9,371.5,379.4,284.96,12.1,-0.62,-6.02
2023-09-23 07:30:00,286.01,0.0,180.0,0.0,0.0,92.86,1.981,101180.0,98.2,13.2,32.8,374.1,385.8,285.71999999999997,13.21,-0.62,-6.02
2023-09-23 08:00:00,286.59999999999997,0.0,180.0,0.0,0.0,91.68,1.987,101250.0,179.1,100.4,53.2,370.6,389.9,286.35999999999996,14.18,-0.65,-6.05
2023-09-23 08:30:00,287.33,0.0,180.0,0.0,0.0,89.66,2.077,101300.0,213.1,59.0,60.6,380.8,398.3,287.97999999999996,16.79,-0.62,-6.07
2023-09-23 09:00:00,287.28,0.0,180.0,0.0,0.0,90.08,2.064,101340.0,190.5,28.9,52.6,379.7,398.2,288.0,17.12,-0.62,-6.07
2023-09-23 09:30:00,287.95,0.0,180.0,0.0,0.0,88.68,2.076,101390.0,282.5,94.1,77.1,380.4,405.4,289.14,18.58,-0.62,-6.02
2023-09-23 10:00:00,287.84,0.0,180.0,0.0,0.0,90.87,2.026,101420.0,100.1,19.5,29.2,388.7,398.6,288.02,16.81,-0.62,-6.05
2023-09-23 10:30:00,287.44,0.0,180.0,0.0,0.0,92.98,2.008,101460.0,106.0,86.7,29.0,384.7,394.5,287.34,15.62,-0.6,-6.05
2023-09-23 11:00:00,288.97999999999996,0.0,180.0,0.0,0.0,87.63,2.021,101500.0,435.0,145.0,112.6,386.1,416.5,290.09,18.83,-0.62,-6.07
2023-09-23 11:30:00,289.9,0.0,180.0,0.0,0.0,82.24,2.004,101540.0,467.9,128.4,123.0,389.2,423.4,291.60999999999996,22.05,-0.6,-6.07
2023-09-23 12:00:00,290.27,0.0,180.0,0.0,0.0,77.6,2.004,101570.0,512.1,130.5,132.6,364.3,423.7,292.72999999999996,23.42,-0.65,-6.1
2023-09-23 12:30:00,290.47999999999996,0.0,180.0,0.0,0.0,78.11,2.026,101600.0,405.8,221.5,107.3,374.1,423.1,293.23999999999995,23.29,-0.62,-6.05
2023-09-23 13:00:00,290.88,0.0,180.0,0.0,0.0,73.31,2.033,101640.0,511.1,182.6,133.2,362.7,426.7,294.27,23.98,-0.62,-6.05
2023-09-23 13:30:00,291.13,0.0,180.0,0.0,0.0,71.4,2.039,101680.0,468.3,149.7,125.5,382.2,427.9,294.87,24.67,-0.62,-6.05
2023-09-23 14:00:00,290.34,0.0,180.0,0.0,0.0,74.55,2.028,101730.0,256.0,93.5,65.1,378.0,416.8,293.28,22.67,-0.62,-6.07
2023-09-23 14:30:00,289.69,0.0,180.0,0.0,0.0,76.74,2.022,101760.0,200.3,31.5,51.3,375.2,409.9,291.46999999999997,20.68,-0.62,-6.05
2023-09-23 15:00:00,289.4,0.0,180.0,0.0,0.0,79.15,2.027,101770.0,140.6,15.0,38.2,378.8,406.9,290.65999999999997,19.2,-0.6,-6.05
2023-09-23 15:30:00,289.37,0.0,180.0,0.0,0.0,80.25,2.033,101820.0,113.5,18.7,31.4,377.1,405.4,290.35999999999996,18.5,-0.65,-6.05
2023-09-23 16:00:00,289.12,0.0,180.0,0.0,0.0,81.59,2.03,101860.0,89.8,16.8,25.4,357.8,400.6,289.84,17.72,-0.6,-6.05
2023-09-23 16:30:00,289.17999999999995,0.0,180.0,0.0,0.0,81.91,2.022,101890.0,54.4,7.3,17.5,330.1,393.4,288.85999999999996,16.39,-0.62,-6.05
2023-09-23 17:00:00,288.65999999999997,0.0,180.0,0.0,0.0,83.02,2.024,101930.0,34.0,5.5,11.7,336.3,389.8,288.04999999999995,15.29,-0.65,-6.02
2023-09-23 17:30:00,288.44,0.0,180.0,0.0,0.0,80.91,2.015,101960.0,17.9,7.4,8.7,345.4,388.7,287.90999999999997,14.97,-0.6,-6.02
2023-09-23 18:00:00,287.84,0.0,180.0,0.0,0.0,84.93,2.002,102010.0,3.4,0.8,4.7,365.6,388.3,287.14,14.1,-0.62,-6.02
2023-09-23 18:30:00,288.03999999999996,0.0,180.0,0.0,0.0,83.33,2.007,102030.0,2.1,0.4,3.8,377.4,391.3,287.69,14.46,-0.62,-6.02
2023-09-23 19:00:00,287.5,0.0,180.0,0.0,0.0,85.59,2.013,102070.0,0.8,0.6,3.9,354.6,386.2,287.15999999999997,14.02,-0.62,-6.02
2023-09-23 19:30:00,286.41999999999996,0.0,180.0,0.0,0.0,91.46,2.01,102130.0,0.9,0.6,4.5,342.1,377.7,285.64,12.71,-0.6,-6.02
2023-09-23 20:00:00,286.28999999999996,0.0,180.0,0.0,0.0,91.63,2.003,102170.0,2.3,0.7,4.9,357.4,381.2,285.39,12.29,-0.62,-6.02
2023-09-23 20:30:00,286.14,0.0,180.0,0.0,0.0,91.68,1.999,102190.0,0.8,0.5,5.0,329.9,375.1,285.27,12.07,-0.62,-6.0
2023-09-23 21:00:00,285.03999999999996,0.0,180.0,0.0,0.0,94.57,1.99,102210.0,0.9,0.3,5.5,329.7,366.9,283.83,10.76,-0.65,-6.02
2023-09-23 21:30:00,284.53999999999996,0.0,180.0,0.0,0.0,96.13,1.991,102250.0,1.7,0.3,6.4,341.4,366.3,283.10999999999996,9.88,-0.62,-6.0
2023-09-23 22:00:00,284.53,0.0,180.0,0.0,0.0,96.52,1.999,102280.0,1.6,0.4,6.3,347.0,367.1,283.15999999999997,9.68,-0.65,-6.02
2023-09-23 22:30:00,284.46,0.0,180.0,0.0,0.0,96.43,2.002,102280.0,1.3,0.3,5.9,349.5,367.7,283.22999999999996,9.62,-0.65,-6.02
2023-09-23 23:00:00,284.29999999999995,0.0,180.0,0.0,0.0,96.32,1.999,102300.0,0.9,0.4,5.6,350.4,367.6,283.15999999999997,9.65,-0.62,-6.02
2023-09-23 23:30:00,284.13,0.0,180.0,0.0,0.0,96.36,1.976,102290.0,0.9,0.4,5.5,351.2,367.0,283.02,9.57,-0.65,-6.0
2023-09-24 00:00:00,283.84,0.0,180.0,0.0,0.0,96.49,2.005,102310.0,0.8,0.2,5.4,351.1,365.8,282.78,9.39,-0.65,-6.02
2023-09-24 00:30:00,283.52,0.0,180.0,0.0,0.0,96.81,2.013,102330.0,1.0,0.3,5.7,349.8,363.2,282.31,8.95,-0.62,-6.02
2023-09-24 01:00:00,283.53,0.0,180.0,0.0,0.0,96.83,2.009,102340.0,0.9,0.3,5.5,350.9,364.3,282.45,8.93,-0.62,-6.02
2023-09-24 01:30:00,283.34,0.0,180.0,0.0,0.0,96.5,2.011,102330.0,0.7,0.2,5.3,350.2,363.5,282.29999999999995,8.87,-0.65,-6.0
2023-09-24 02:00:00,282.90999999999997,0.0,180.0,0.0,0.0,96.78,2.004,102340.0,0.7,0.2,5.5,347.9,360.3,281.72999999999996,8.38,-0.65,-6.0
2023-09-24 02:30:00,282.56,0.0,180.0,0.0,0.0,97.11,2.02,102350.0,0.9,0.2,5.9,346.3,358.2,281.28999999999996,7.88,-0.65,-6.02
2023-09-24 03:00:00,282.44,0.0,180.0,0.0,0.0,97.08,2.022,102350.0,1.0,0.2,5.9,346.4,358.1,281.21999999999997,7.73,-0.67,-6.02
2023-09-24 03:30:00,282.14,0.0,180.0,0.0,0.0,96.98,2.011,102380.0,0.7,0.2,5.5,346.2,357.4,281.04999999999995,7.62,-0.62,-6.0
2023-09-24 04:00:00,281.96999999999997,0.0,180.0,0.0,0.0,97.0,2.017,102400.0,1.0,0.3,5.6,345.5,356.2,280.78999999999996,7.32,-0.67,-6.0
2023-09-24 04:30:00,281.79999999999995,0.0,180.0,0.0,0.0,96.9,2.018,102430.0,0.7,0.3,5.4,345.2,355.3,280.65,7.18,-0.65,-6.0
2023-09-24 05:00:00,281.75,0.0,180.0,0.0,0.0,96.93,2.002,102440.00000000001,1.1,0.2,5.5,345.9,355.2,280.59,7.1,-0.65,-6.02
2023-09-24 05:30:00,281.52,0.0,180.0,0.0,0.0,96.98,1.992,102430.0,3.3,2.3,6.3,344.9,353.8,280.34,6.9,-0.65,-6.02
2023-09-24 06:00:00,281.65,0.0,180.0,0.0,0.0,97.11,2.0,102459.99999999999,19.7,7.2,11.3,345.8,354.9,280.52,6.98,-0.65,-6.02
2023-09-24 06:30:00,282.31,0.0,180.0,0.0,0.0,95.64,2.007,102490.00000000001,41.5,3.2,17.1,350.4,360.7,281.54999999999995,8.16,-0.65,-6.0
2023-09-24 07:00:00,282.78,0.0,180.0,0.0,0.0,94.19,2.071,102520.0,37.4,4.5,18.5,350.6,362.2,281.84999999999997,8.59,-0.67,-6.02
2023-09-24 07:30:00,284.59,0.0,180.0,0.0,0.0,88.2,1.977,102580.0,97.3,73.1,61.4,353.5,369.2,282.96,11.26,-0.62,-6.05
2023-09-24 08:00:00,286.7,0.0,180.0,0.0,0.0,82.01,2.005,102580.0,300.5,18.5,89.4,360.4,380.9,285.14,14.29,-0.65,-6.07
2023-09-24 08:30:00,288.06,0.0,180.0,0.0,0.0,77.99,2.021,102590.00000000001,368.6,19.6,102.1,362.5,393.1,287.33,16.72,-0.62,-6.12
2023-09-24 09:00:00,289.32,0.0,180.0,0.0,0.0,73.63,2.036,102630.0,418.7,14.4,111.9,332.6,406.6,290.84999999999997,19.54,-0.62,-6.1
2023-09-24 09:30:00,289.62,0.0,180.0,0.0,0.0,73.09,2.083,102600.0,466.9,25.4,123.5,322.7,412.6,293.09999999999997,21.38,-0.65,-6.1
2023-09-24 10:00:00,290.59999999999997,0.0,180.0,0.0,0.0,71.35,2.089,102580.0,515.7,15.5,132.0,326.8,420.9,294.89,22.96,-0.62,-6.1
2023-09-24 10:30:00,291.34999999999997,0.0,180.0,0.0,0.0,67.87,2.082,102550.0,552.8,20.2,139.9,330.3,425.0,295.78,23.45,-0.65,-6.07
2023-09-24 11:00:00,291.53999999999996,0.0,180.0,0.0,0.0,64.55,2.085,102550.0,549.5,88.5,138.7,338.9,426.0,296.32,24.55,-0.65,-6.1
2023-09-24 11:30:00,291.96999999999997,0.0,180.0,0.0,0.0,63.62,2.063,102559.99999999999,443.6,89.9,112.5,348.3,425.9,295.97999999999996,24.98,-0.62,-6.05
2023-09-24 12:00:00,292.15999999999997,0.0,180.0,0.0,0.0,62.28,2.066,102530.0,570.4,103.3,148.9,339.1,427.2,295.94,25.3,-0.62,-6.12
2023-09-24 12:30:00,292.71,0.0,180.0,0.0,0.0,61.19,2.067,102530.0,572.4,8.3,150.1,337.1,431.6,296.72999999999996,26.19,-0.65,-6.07
2023-09-24 13:00:00,292.9,0.0,180.0,0.0,0.0,60.09,2.057,102500.0,545.9,7.6,144.9,338.0,430.8,296.60999999999996,26.33,-0.62,-6.05
2023-09-24 13:30:00,293.2,0.0,180.0,0.0,0.0,59.39,2.059,102470.0,500.0,80.7,134.1,338.7,430.8,296.54999999999995,26.04,-0.62,-6.1
2023-09-24 14:00:00,293.02,0.0,180.0,0.0,0.0,59.8,2.047,102450.0,465.2,16.0,127.6,339.3,429.7,296.71,23.94,-0.62,-6.02
2023-09-24 14:30:00,293.19,0.0,180.0,0.0,0.0,59.86,2.05,102420.0,410.9,18.1,116.9,339.2,426.2,296.03,24.47,-0.62,-6.05
2023-09-24 15:00:00,293.12,0.0,180.0,0.0,0.0,59.71,2.048,102380.0,344.5,19.2,102.8,338.7,424.0,295.96,25.02,-0.65,-6.02
2023-09-24 15:30:00,293.44,0.0,180.0,0.0,0.0,57.64,2.051,102370.0,276.4,24.7,73.8,337.3,415.5,295.13,23.69,-0.62,-6.02
2023-09-24 16:00:00,292.21999999999997,0.0,180.0,0.0,0.0,60.15,2.035,102370.0,49.8,19.5,13.7,333.9,399.9,292.31,20.33,-0.62,-6.02
2023-09-24 16:30:00,291.58,0.0,180.0,0.0,0.0,62.81,2.037,102360.0,36.4,2.8,12.2,331.3,393.4,290.59999999999997,18.21,-0.6,-6.05
2023-09-24 17:00:00,290.76,0.0,180.0,0.0,0.0,65.65,2.046,102340.0,25.5,3.7,9.1,328.3,388.8,289.65999999999997,16.92,-0.62,-6.02
2023-09-24 17:30:00,289.51,0.0,180.0,0.0,0.0,70.51,2.039,102320.0,12.3,4.0,7.3,326.4,381.7,288.27,15.42,-0.6,-6.02
2023-09-24 18:00:00,288.53,0.0,180.0,0.0,0.0,75.01,2.038,102320.0,2.6,1.2,6.0,324.9,376.7,287.03,14.06,-0.62,-6.0
2023-09-24 18:30:00,287.81,0.0,180.0,0.0,0.0,78.12,2.029,102330.0,1.5,0.4,6.2,322.5,373.7,286.17999999999995,12.99,-0.62,-6.0
2023-09-24 19:00:00,287.03,0.0,180.0,0.0,0.0,81.94,2.027,102310.0,1.6,0.4,5.9,322.3,370.8,285.42999999999995,12.14,-0.65,-6.0
2023-09-24 19:30:00,286.9,0.0,180.0,0.0,0.0,82.7,2.062,102300.0,2.6,0.4,6.4,331.9,373.1,285.2,11.75,-0.65,-6.02
2023-09-24 20:00:00,287.41999999999996,0.0,180.0,0.0,0.0,80.28,2.066,102300.0,2.0,0.5,6.4,325.3,375.3,285.84,12.01,-0.62,-6.0
2023-09-24 20:30:00,287.19,0.0,180.0,0.0,0.0,80.61,2.042,102280.0,1.2,0.4,5.9,319.4,374.2,285.84,12.09,-0.62,-6.02
2023-09-24 21:00:00,286.76,0.0,180.0,0.0,0.0,81.97,2.05,102250.0,1.3,0.4,6.0,318.6,373.0,285.42999999999995,11.83,-0.65,-6.0
2023-09-24 21:30:00,286.77,0.0,180.0,0.0,0.0,81.33,2.067,102250.0,1.4,0.4,6.1,318.4,373.6,285.41999999999996,11.73,-0.65,-6.02
2023-09-24 22:00:00,286.46,0.0,180.0,0.0,0.0,81.86,1.983,102240.0,1.0,0.4,5.6,318.0,372.2,285.35999999999996,11.79,-0.65,-6.0
2023-09-24 22:30:00,286.13,0.0,180.0,0.0,0.0,82.91,2.001,102210.0,1.2,0.2,5.8,316.6,371.1,284.9,11.41,-0.62,-6.02
2023-09-24 23:00:00,286.0,0.0,180.0,0.0,0.0,83.06,2.065,102190.0,1.3,0.3,5.9,315.5,371.6,284.79999999999995,11.27,-0.62,-6.0
2023-09-24 23:30:00,286.09,0.0,180.0,0.0,0.0,82.72,2.069,102180.0,1.0,0.2,5.6,316.1,373.0,285.07,11.46,-0.65,-6.0
2023-09-25 00:00:00,285.96999999999997,0.0,180.0,0.0,0.0,83.43,2.008,102190.0,1.0,0.3,5.4,318.1,372.8,285.03999999999996,11.51,-0.65,-6.0
2023-09-25 00:30:00,285.83,0.0,180.0,0.0,0.0,83.54,2.039,102190.0,1.1,0.2,5.5,317.3,371.5,284.79999999999995,11.33,-0.62,-6.02
2023-09-25 01:00:00,285.63,0.0,180.0,0.0,0.0,83.7,2.047,102190.0,1.2,0.3,5.7,316.7,369.8,284.5,11.04,-0.65,-6.0
2023-09-25 01:30:00,285.58,0.0,180.0,0.0,0.0,83.21,2.043,102190.0,1.1,0.2,5.3,318.7,371.5,284.7,11.18,-0.65,-6.02
2023-09-25 02:00:00,285.40999999999997,0.0,180.0,0.0,0.0,83.06,2.043,102170.0,0.9,0.2,5.1,315.8,370.8,284.63,11.17,-0.62,-6.0
2023-09-25 02:30:00,285.15999999999997,0.0,180.0,0.0,0.0,83.32,2.046,102150.0,0.9,0.2,5.1,316.0,369.7,284.38,10.98,-0.6,-6.0
2023-09-25 03:00:00,284.9,0.0,180.0,0.0,0.0,83.9,2.04,102120.0,0.9,0.2,5.1,317.2,368.4,284.09,10.73,-0.65,-6.0
2023-09-25 03:30:00,284.72999999999996,0.0,180.0,0.0,0.0,84.02,2.039,102130.0,1.2,0.3,5.3,317.9,367.5,283.79999999999995,10.39,-0.62,-6.0
2023-09-25 04:00:00,284.81,0.0,180.0,0.0,0.0,83.0,2.044,102120.0,1.2,0.2,5.2,317.5,367.8,283.92999999999995,10.44,-0.62,-6.02
2023-09-25 04:30:00,284.85999999999996,0.0,180.0,0.0,0.0,82.3,2.026,102140.0,1.1,0.3,5.2,317.4,367.8,284.01,10.5,-0.62,-6.0
2023-09-25 05:00:00,284.83,0.0,180.0,0.0,0.0,82.4,2.034,102170.0,1.5,0.2,5.2,322.5,367.6,283.9,10.45,-0.65,-6.02
2023-09-25 05:30:00,284.75,0.0,180.0,0.0,0.0,82.87,2.006,102170.0,3.6,1.8,5.8,325.7,367.6,283.9,10.45,-0.62,-6.02
2023-09-25 06:00:00,284.78999999999996,0.0,180.0,0.0,0.0,82.83,2.01,102190.0,12.6,6.3,7.7,327.6,368.8,283.98999999999995,10.56,-0.65,-6.0
2023-09-25 06:30:00,285.06,0.0,180.0,0.0,0.0,82.14,2.05,102210.0,45.4,11.0,16.5,329.1,372.3,284.53999999999996,11.16,-0.62,-6.02
2023-09-25 07:00:00,285.7,0.0,180.0,0.0,0.0,80.5,2.018,102200.0,82.2,11.3,26.0,333.8,377.9,285.58,12.29,-0.65,-6.0
2023-09-25 07:30:00,286.72999999999996,0.0,180.0,0.0,0.0,78.32,2.01,102200.0,142.3,33.8,43.7,333.2,385.9,286.89,13.85,-0.65,-6.02
2023-09-25 08:00:00,288.35999999999996,0.0,180.0,0.0,0.0,74.34,2.002,102210.0,213.2,30.6,60.2,336.5,396.2,289.03,16.46,-0.65,-6.05
2023-09-25 08:30:00,288.69,0.0,180.0,0.0,0.0,72.33,2.007,102220.0,209.2,32.5,55.8,333.7,397.1,290.14,17.94,-0.62,-6.05
2023-09-25 09:00:00,289.65999999999997,0.0,180.0,0.0,0.0,70.76,2.027,102220.0,339.2,48.9,90.5,334.0,406.2,291.62,19.5,-0.65,-6.1
2023-09-25 09:30:00,290.28,0.0,180.0,0.0,0.0,69.4,2.022,102260.0,343.5,45.0,88.6,336.2,410.5,293.10999999999996,21.25,-0.62,-6.05
2023-09-25 10:00:00,290.73999999999995,0.0,180.0,0.0,0.0,69.01,2.016,102270.0,377.5,37.9,97.4,340.6,415.1,293.63,22.09,-0.65,-6.02
2023-09-25 10:30:00,291.62,0.0,180.0,0.0,0.0,67.11,2.018,102270.0,454.1,68.3,112.5,343.3,423.3,295.17999999999995,23.25,-0.62,-6.07
2023-09-25 11:00:00,292.53,0.0,180.0,0.0,0.0,65.55,2.004,102290.0,536.2,48.6,135.7,347.2,432.5,297.04999999999995,25.2,-0.6,-6.05
2023-09-25 11:30:00,293.14,0.0,180.0,0.0,0.0,64.41,2.015,102280.0,495.0,93.3,125.4,349.0,434.7,297.73999999999995,26.54,-0.62,-6.02
2023-09-25 12:00:00,293.72999999999996,0.0,180.0,0.0,0.0,63.37,2.044,102280.0,482.5,99.6,123.7,360.9,437.2,297.89,26.75,-0.6,-6.02
2023-09-25 12:30:00,293.96,0.0,180.0,0.0,0.0,63.61,2.018,102310.0,436.4,85.8,109.8,380.8,437.9,298.03,27.03,-0.62,-6.05
2023-09-25 13:00:00,293.83,0.0,180.0,0.0,0.0,64.19,2.038,102300.0,380.0,107.4,96.8,374.4,433.0,297.08,26.27,-0.62,-6.05
2023-09-25 13:30:00,295.15999999999997,0.0,180.0,0.0,0.0,62.04,2.048,102290.0,506.4,22.5,134.6,354.8,444.3,298.76,27.5,-0.65,-6.02
2023-09-25 14:00:00,294.75,0.0,180.0,0.0,0.0,62.81,2.05,102290.0,397.3,84.0,104.9,359.1,439.5,298.64,25.79,-0.65,-6.0
2023-09-25 14:30:00,294.35999999999996,0.0,180.0,0.0,0.0,63.72,2.043,102280.0,192.7,36.6,46.9,383.5,429.3,296.7,24.89,-0.65,-6.02
2023-09-25 15:00:00,294.15999999999997,0.0,180.0,0.0,0.0,65.22,2.042,102300.0,190.3,18.4,48.9,381.3,426.3,295.69,24.02,-0.65,-6.02
2023-09-25 15:30:00,294.23999999999995,0.0,180.0,0.0,0.0,65.06,2.046,102290.0,155.7,25.2,39.7,388.0,425.4,295.67999999999995,23.73,-0.62,-6.0
2023-09-25 16:00:00,293.76,0.0,180.0,0.0,0.0,67.8,2.044,102290.0,96.2,16.4,25.0,396.5,422.0,294.87,22.75,-0.62,-6.02
2023-09-25 16:30:00,293.34,0.0,180.0,0.0,0.0,68.43,2.046,102320.0,62.9,9.2,17.4,404.1,419.2,293.98999999999995,21.8,-0.62,-5.97
2023-09-25 17:00:00,292.58,0.0,180.0,0.0,0.0,75.53,2.047,102350.0,23.3,10.2,6.9,405.1,415.6,293.03,20.69,-0.62,-6.0
2023-09-25 17:30:00,291.79999999999995,0.0,180.0,0.0,0.0,78.99,2.044,102340.0,7.1,2.5,3.4,402.3,410.8,291.90999999999997,19.47,-0.62,-6.0
2023-09-25 18:00:00,291.15,0.0,180.0,0.0,0.0,81.15,2.041,102350.0,2.1,0.5,2.7,399.9,407.6,291.10999999999996,18.55,-0.62,-6.0
2023-09-25 18:30:00,290.71,0.0,180.0,0.0,0.0,83.66,2.031,102350.0,1.6,0.1,2.9,396.7,405.6,290.51,17.85,-0.62,-6.0
2023-09-25 19:00:00,290.31,0.0,180.0,0.0,0.0,85.26,2.018,102350.0,2.0,0.3,3.2,395.4,404.0,290.06,17.26,-0.62,-5.97
2023-09-25 19:30:00,290.12,0.0,180.0,0.0,0.0,88.23,2.019,102350.0,1.7,0.2,3.2,391.6,402.8,289.79999999999995,16.94,-0.62,-6.0
2023-09-25 20:00:00,289.4,0.0,180.0,0.0,0.0,89.98,2.018,102350.0,1.0,0.2,3.8,366.2,394.2,288.97999999999996,16.12,-0.62,-5.97
2023-09-25 20:30:00,288.57,0.0,180.0,0.0,0.0,92.67,2.005,102330.0,1.3,0.4,4.5,350.5,385.0,287.58,14.82,-0.62,-6.0
2023-09-25 21:00:00,287.89,0.0,180.0,0.0,0.0,94.28,2.006,102320.0,2.0,0.4,4.4,368.4,386.2,286.97999999999996,14.02,-0.62,-6.0
2023-09-25 21:30:00,287.85999999999996,0.0,180.0,0.0,0.0,95.1,1.998,102330.0,2.0,0.4,4.2,376.4,389.3,287.16999999999996,14.03,-0.62,-6.0
2023-09-25 22:00:00,287.76,0.0,180.0,0.0,0.0,95.5,1.992,102330.0,1.8,0.5,4.3,375.9,389.0,287.15,13.89,-0.65,-6.0
2023-09-25 22:30:00,287.39,0.0,180.0,0.0,0.0,95.93,1.997,102330.0,1.4,0.4,5.0,366.6,383.6,286.47999999999996,13.21,-0.65,-6.0
2023-09-25 23:00:00,286.89,0.0,180.0,0.0,0.0,96.41,2.064,102310.0,1.8,0.3,5.1,368.0,381.2,285.96,12.67,-0.62,-5.95
2023-09-25 23:30:00,286.37,0.0,180.0,0.0,0.0,96.6,2.042,102300.0,1.7,0.2,5.4,365.2,378.5,285.40999999999997,12.07,-0.65,-5.97
2023-09-26 00:00:00,286.32,0.0,180.0,0.0,0.0,96.89,2.051,102290.0,2.1,0.2,5.5,367.3,378.1,285.29999999999995,11.75,-0.65,-5.97
2023-09-26 00:30:00,286.31,0.0,180.0,0.0,0.0,96.95,2.051,102280.0,1.9,0.1,5.2,368.6,378.6,285.39,11.83,-0.65,-5.97
2023-09-26 01:00:00,286.40999999999997,0.0,180.0,0.0,0.0,96.45,2.049,102290.0,1.8,0.2,4.9,370.9,380.0,285.57,11.98,-0.62,-5.97
2023-09-26 01:30:00,286.66999999999996,0.0,180.0,0.0,0.0,95.09,2.05,102290.0,2.3,0.2,3.9,380.1,384.0,286.04999999999995,12.53,-0.65,-6.0
2023-09-26 02:00:00,287.08,0.0,180.0,0.0,0.0,92.83,1.981,102250.0,1.8,0.1,3.2,382.7,386.5,286.41999999999996,13.08,-0.65,-6.0
2023-09-26 02:30:00,287.03999999999996,0.0,180.0,0.0,0.0,93.13,1.988,102200.0,1.7,0.4,3.4,380.9,386.2,286.39,13.14,-0.65,-6.0
2023-09-26 03:00:00,286.87,0.0,180.0,0.0,0.0,91.99,1.974,102230.0,1.1,0.2,4.1,369.8,381.8,285.82,12.68,-0.65,-6.0
2023-09-26 03:30:00,286.63,0.0,180.0,0.0,0.0,91.07,1.98,102210.0,1.1,0.1,4.7,365.9,379.4,285.39,12.31,-0.62,-5.97
2023-09-26 04:00:00,286.27,0.0,180.0,0.0,0.0,91.51,2.063,102190.0,1.5,0.1,4.9,367.2,378.4,285.10999999999996,11.93,-0.62,-5.97
2023-09-26 04:30:00,286.31,0.0,180.0,0.0,0.0,90.52,2.057,102160.0,1.4,0.1,5.2,367.9,378.9,285.14,11.96,-0.65,-5.97
2023-09-26 05:00:00,286.03999999999996,0.0,180.0,0.0,0.0,91.26,2.036,102140.0,1.5,0.2,5.2,364.8,376.8,284.87,11.67,-0.67,-5.97
2023-09-26 05:30:00,286.13,0.0,180.0,0.0,0.0,91.04,2.04,102170.0,3.6,2.5,6.1,366.2,377.7,284.98999999999995,11.8,-0.65,-5.97
2023-09-26 06:00:00,286.02,0.0,180.0,0.0,0.0,92.17,2.003,102170.0,15.0,5.7,9.1,365.5,378.2,285.01,11.91,-0.62,-5.95
2023-09-26 06:30:00,286.44,0.0,180.0,0.0,0.0,90.33,2.004,102140.0,43.9,10.5,17.5,367.0,382.1,285.46999999999997,12.43,-0.62,-6.0
2023-09-26 07:00:00,287.27,0.0,180.0,0.0,0.0,87.61,2.0,102170.0,87.3,9.1,29.1,368.0,391.1,286.78,13.77,-0.65,-6.0
2023-09-26 07:30:00,287.77,0.0,180.0,0.0,0.0,85.97,2.0,102150.0,91.0,10.8,27.5,371.8,394.8,288.22999999999996,14.8,-0.65,-5.97
2023-09-26 08:00:00,288.12,0.0,180.0,0.0,0.0,85.66,2.069,102160.0,110.2,7.8,29.8,354.7,395.6,288.84,15.56,-0.65,-6.0
2023-09-26 08:30:00,289.28,0.0,180.0,0.0,0.0,82.78,2.022,102180.0,230.2,52.9,63.0,349.9,405.1,290.37,17.25,-0.62,-6.0
2023-09-26 09:00:00,289.73999999999995,0.0,180.0,0.0,0.0,81.6,2.018,102170.0,252.8,53.0,66.8,352.0,409.2,291.73999999999995,19.2,-0.62,-6.02
2023-09-26 09:30:00,291.09,0.0,180.0,0.0,0.0,78.32,2.036,102130.0,327.2,29.5,85.6,356.9,419.1,293.45,21.04,-0.62,-6.02
2023-09-26 10:00:00,291.28999999999996,0.0,180.0,0.0,0.0,76.22,2.042,102150.0,239.2,12.1,62.7,365.6,417.3,293.60999999999996,21.99,-0.62,-6.02
2023-09-26 10:30:00,291.84999999999997,0.0,180.0,0.0,0.0,75.83,2.053,102140.0,270.3,58.1,70.2,360.4,420.6,293.88,22.05,-0.65,-6.02
2023-09-26 11:00:00,292.41999999999996,0.0,180.0,0.0,0.0,74.03,2.047,102130.0,384.7,50.9,97.5,362.1,428.0,295.28,23.68,-0.62,-6.02
2023-09-26 11:30:00,293.96999999999997,0.0,180.0,0.0,0.0,70.5,2.05,102120.0,514.9,112.2,130.1,365.7,441.3,298.07,26.44,-0.62,-6.05
2023-09-26 12:00:00,294.53999999999996,0.0,180.0,0.0,0.0,69.35,2.059,102110.0,452.9,88.2,113.9,373.0,443.1,298.7,27.43,-0.62,-6.07
2023-09-26 12:30:00,294.89,0.0,180.0,0.0,0.0,67.11,2.038,102070.0,429.8,123.1,108.8,371.9,443.2,299.03999999999996,28.23,-0.62,-6.02
2023-09-26 13:00:00,294.56,0.0,180.0,0.0,0.0,66.5,2.042,102050.0,253.1,119.8,63.8,390.0,434.7,297.51,26.63,-0.6,-6.02
2023-09-26 13:30:00,294.44,0.0,180.0,0.0,0.0,66.97,2.048,102050.0,269.3,45.8,70.6,392.3,433.4,296.75,25.74,-0.62,-6.0
2023-09-26 14:00:00,294.69,0.0,180.0,0.0,0.0,66.85,2.049,102040.0,345.2,74.5,93.5,374.5,436.8,297.4,25.7,-0.62,-6.02
2023-09-26 14:30:00,294.82,0.0,180.0,0.0,0.0,66.3,2.038,102030.0,304.3,77.8,83.2,363.1,433.9,297.53999999999996,25.83,-0.65,-6.02
2023-09-26 15:00:00,294.39,0.0,180.0,0.0,0.0,66.48,2.038,102020.0,232.5,50.7,65.1,365.8,426.5,296.09,24.83,-0.62,-6.0
2023-09-26 15:30:00,294.14,0.0,180.0,0.0,0.0,68.3,2.035,101990.0,173.5,18.5,46.4,370.0,422.8,295.31,23.7,-0.62,-6.02
2023-09-26 16:00:00,293.79999999999995,0.0,180.0,0.0,0.0,71.22,2.026,101980.0,113.9,17.7,32.1,365.2,418.3,294.44,22.43,-0.65,-6.02
2023-09-26 16:30:00,293.08,0.0,180.0,0.0,0.0,74.03,2.025,101940.0,66.9,10.0,20.7,362.4,411.5,293.12,20.95,-0.62,-6.0
2023-09-26 17:00:00,292.5,0.0,180.0,0.0,0.0,76.53,2.027,101990.0,40.3,7.9,14.7,362.2,406.1,292.06,19.61,-0.62,-6.0
2023-09-26 17:30:00,291.33,0.0,180.0,0.0,0.0,81.46,2.03,101980.0,11.4,5.6,7.0,356.3,396.7,290.51,17.91,-0.62,-6.0
2023-09-26 18:00:00,290.38,0.0,180.0,0.0,0.0,85.06,2.026,102000.0,2.5,0.3,5.4,353.5,390.9,289.15,16.39,-0.62,-6.0
2023-09-26 18:30:00,289.53,0.0,180.0,0.0,0.0,88.23,2.025,102020.0,1.8,0.5,5.0,356.5,388.8,288.38,15.48,-0.65,-6.0
2023-09-26 19:00:00,289.12,0.0,180.0,0.0,0.0,89.95,2.028,102020.0,2.3,0.3,5.4,354.1,387.6,287.88,14.87,-0.62,-5.97
2023-09-26 19:30:00,289.06,0.0,180.0,0.0,0.0,89.71,2.031,102030.0,2.4,0.4,5.8,348.0,384.3,287.56,14.41,-0.62,-6.0
2023-09-26 20:00:00,288.82,0.0,180.0,0.0,0.0,89.68,2.037,102010.0,2.4,0.3,5.7,346.4,383.1,287.4,14.1,-0.62,-6.0
2023-09-26 20:30:00,288.31,0.0,180.0,0.0,0.0,91.77,2.026,102020.0,2.2,0.2,5.1,351.5,383.1,287.06,13.81,-0.62,-5.97
2023-09-26 21:00:00,288.34999999999997,0.0,180.0,0.0,0.0,92.13,1.983,102040.0,2.5,0.2,5.5,360.8,385.6,287.09,13.77,-0.62,-5.97
2023-09-26 21:30:00,288.69,0.0,180.0,0.0,0.0,90.31,2.029,102030.0,2.3,0.4,5.8,352.6,384.7,287.32,13.91,-0.62,-5.97
2023-09-26 22:00:00,288.53999999999996,0.0,180.0,0.0,0.0,90.25,2.034,102050.0,2.1,0.3,5.6,343.0,381.2,287.09999999999997,13.69,-0.62,-6.0
2023-09-26 22:30:00,287.89,0.0,180.0,0.0,0.0,92.48,2.06,102030.0,1.8,0.2,5.0,344.9,378.7,286.65,13.34,-0.62,-6.0
2023-09-26 23:00:00,287.2,0.0,180.0,0.0,0.0,94.03,2.001,102000.0,1.8,0.2,5.2,352.9,378.8,286.03999999999996,12.74,-0.62,-5.97
2023-09-26 23:30:00,287.15,0.0,180.0,0.0,0.0,95.07,2.046,102030.0,3.0,0.3,4.8,373.0,383.2,286.19,12.72,-0.65,-5.97
2023-09-27 00:00:00,287.65,0.0,180.0,0.0,0.0,94.84,2.049,102050.0,1.9,0.7,4.4,373.8,387.3,286.89,13.39,-0.65,-5.95
2023-09-27 00:30:00,287.25,0.0,180.0,0.0,0.0,95.14,2.045,102050.0,1.6,0.2,5.1,366.0,381.9,286.22999999999996,12.88,-0.62,-5.97
2023-09-27 01:00:00,287.03999999999996,0.0,180.0,0.0,0.0,95.12,2.046,102040.0,1.8,0.3,5.1,367.3,381.1,286.03,12.59,-0.62,-5.97
2023-09-27 01:30:00,286.48999999999995,0.0,180.0,0.0,0.0,95.06,2.06,102040.0,1.8,0.2,5.1,366.6,378.7,285.52,12.13,-0.65,-6.0
2023-09-27 02:00:00,286.10999999999996,0.0,180.0,0.0,0.0,94.82,2.048,102050.0,2.1,0.4,5.4,365.9,376.8,285.10999999999996,11.67,-0.62,-6.0
2023-09-27 02:30:00,286.21,0.0,180.0,0.0,0.0,94.48,2.031,102060.0,2.2,0.3,5.5,367.5,377.3,285.17999999999995,11.66,-0.65,-5.97
2023-09-27 03:00:00,286.03,0.0,180.0,0.0,0.0,93.96,2.04,102050.0,2.1,0.2,5.4,367.8,376.7,285.03999999999996,11.51,-0.65,-5.97
2023-09-27 03:30:00,285.76,0.0,180.0,0.0,0.0,93.57,2.048,102040.0,1.9,0.3,5.0,367.5,375.9,284.88,11.39,-0.65,-5.97
2023-09-27 04:00:00,285.34,0.0,180.0,0.0,0.0,93.27,1.999,102080.0,1.9,0.4,4.9,367.0,374.8,284.59,11.12,-0.62,-5.97
2023-09-27 04:30:00,285.46,0.0,180.0,0.0,0.0,93.06,2.0,102080.0,2.2,0.3,5.3,367.5,374.7,284.57,10.98,-0.62,-6.0
2023-09-27 05:00:00,285.59999999999997,0.0,180.0,0.0,0.0,92.79,2.0,102050.0,2.2,0.3,5.1,370.0,376.2,284.81,11.18,-0.62,-5.97
2023-09-27 05:30:00,285.67999999999995,0.0,180.0,0.0,0.0,92.52,2.0,102040.0,2.5,0.8,5.2,369.1,376.3,284.89,11.26,-0.65,-5.97
2023-09-27 06:00:00,286.15999999999997,0.0,180.0,0.0,0.0,92.23,2.016,102040.0,14.4,7.0,8.8,372.5,380.1,285.51,11.87,-0.62,-6.0
2023-09-27 06:30:00,286.44,0.0,180.0,0.0,0.0,91.83,2.025,102050.0,34.3,6.0,14.5,375.2,383.6,286.08,12.7,-0.62,-6.0
2023-09-27 07:00:00,286.78999999999996,0.0,180.0,0.0,0.0,91.07,2.035,102050.0,58.4,5.0,23.1,376.8,387.4,286.7,13.53,-0.62,-5.97
2023-09-27 07:30:00,287.34999999999997,0.0,180.0,0.0,0.0,89.62,2.044,102100.0,114.7,48.3,36.9,376.3,391.0,287.26,14.5,-0.67,-6.0
2023-09-27 08:00:00,289.09999999999997,0.0,180.0,0.0,0.0,85.12,2.048,102120.0,184.9,33.5,57.9,379.5,399.5,288.63,16.73,-0.62,-6.05
2023-09-27 08:30:00,291.34,0.0,180.0,0.0,0.0,79.41,2.045,102150.0,314.6,53.0,95.9,383.5,412.6,290.73999999999995,19.38,-0.62,-6.07
2023-09-27 09:00:00,291.53999999999996,0.0,180.0,0.0,0.0,79.52,2.042,102110.0,206.0,54.5,57.9,375.5,417.6,292.39,20.74,-0.62,-6.0
2023-09-27 09:30:00,291.31,0.0,180.0,0.0,0.0,81.33,2.041,102100.0,136.7,10.5,40.7,375.0,414.3,292.34999999999997,20.04,-0.62,-6.0
2023-09-27 10:00:00,292.09,0.0,180.0,0.0,0.0,79.9,2.028,102070.0,154.7,22.4,44.7,378.4,419.0,293.06,20.36,-0.6,-6.02
2023-09-27 10:30:00,292.71,0.0,180.0,0.0,0.0,78.37,2.02,102080.0,251.3,67.6,68.2,378.8,424.7,294.34,21.63,-0.62,-6.02
2023-09-27 11:00:00,293.45,0.0,180.0,0.0,0.0,76.79,2.01,102000.0,222.7,66.4,60.5,382.9,427.0,295.35999999999996,22.7,-0.62,-6.02
2023-09-27 11:30:00,295.19,0.0,180.0,0.0,0.0,71.58,2.041,101990.0,584.7,119.5,152.5,377.3,448.2,299.01,26.49,-0.57,-6.05
2023-09-27 12:00:00,295.91999999999996,0.0,180.0,0.0,0.0,67.42,2.012,101940.0,569.6,49.2,149.3,360.9,449.4,300.19,28.57,-0.57,-6.02
2023-09-27 12:30:00,296.48999999999995,0.0,180.0,0.0,0.0,65.64,2.056,101910.0,545.8,17.8,144.4,359.7,452.0,300.66999999999996,29.5,-0.6,-6.02
2023-09-27 13:00:00,296.94,0.0,180.0,0.0,0.0,64.54,2.087,101840.0,524.8,12.8,140.4,361.9,453.4,300.95,30.04,-0.55,-6.02
2023-09-27 13:30:00,297.01,0.0,180.0,0.0,0.0,64.05,2.036,101800.0,475.9,67.8,129.0,361.3,450.5,300.62,30.12,-0.57,-6.02
2023-09-27 14:00:00,296.59999999999997,0.0,180.0,0.0,0.0,65.46,2.022,101820.0,434.0,92.6,119.7,369.7,447.5,299.83,28.04,-0.57,-6.0
2023-09-27 14:30:00,296.19,0.0,180.0,0.0,0.0,66.0,2.04,101780.0,354.8,126.8,98.7,373.8,442.8,299.54999999999995,28.34,-0.57,-6.0
2023-09-27 15:00:00,295.0,0.0,180.0,0.0,0.0,70.7,1.991,101720.0,120.7,18.6,33.0,384.3,428.2,296.21,25.01,-0.57,-5.97
2023-09-27 15:30:00,294.53999999999996,0.0,180.0,0.0,0.0,72.96,2.04,101700.0,90.1,3.0,26.5,384.9,424.1,294.97999999999996,23.24,-0.57,-6.0
2023-09-27 16:00:00,294.29999999999995,0.0,180.0,0.0,0.0,73.66,2.044,101660.0,75.7,10.1,23.6,384.9,421.7,294.47999999999996,22.31,-0.57,-6.0
2023-09-27 16:30:00,294.0,0.0,180.0,0.0,0.0,75.21,2.03,101630.0,75.6,9.5,24.5,383.4,419.7,294.06,21.66,-0.57,-6.0
2023-09-27 17:00:00,293.64,0.0,180.0,0.0,0.0,76.06,2.026,101610.0,31.9,20.8,11.9,375.3,413.8,293.44,20.86,-0.57,-5.97
2023-09-27 17:30:00,293.10999999999996,0.0,180.0,0.0,0.0,77.16,2.019,101590.0,6.1,2.1,5.2,379.7,409.6,292.35999999999996,19.58,-0.57,-6.0
2023-09-27 18:00:00,292.85999999999996,0.0,180.0,0.0,0.0,77.62,2.06,101550.0,2.0,0.4,4.4,379.3,408.6,292.09999999999997,19.11,-0.57,-5.97
2023-09-27 18:30:00,292.46999999999997,0.0,180.0,0.0,0.0,78.31,2.067,101530.0,1.5,0.3,4.3,375.8,406.2,291.71,18.64,-0.57,-5.97
2023-09-27 19:00:00,292.14,0.0,180.0,0.0,0.0,79.05,2.068,101510.0,1.9,0.2,4.3,380.5,405.1,291.32,18.21,-0.57,-5.97
2023-09-27 19:30:00,292.09,0.0,180.0,0.0,0.0,79.12,2.055,101490.0,1.9,0.3,4.3,382.3,405.2,291.29999999999995,18.09,-0.57,-6.0
2023-09-27 20:00:00,292.06,0.0,180.0,0.0,0.0,78.72,2.016,101440.0,2.1,0.3,4.3,382.8,405.3,291.27,18.01,-0.57,-6.0
2023-09-27 20:30:00,292.0,0.0,180.0,0.0,0.0,78.27,2.015,101410.0,2.0,0.2,4.1,385.9,405.7,291.32,18.06,-0.6,-5.97
2023-09-27 21:00:00,292.21999999999997,0.0,180.0,0.0,0.0,77.08,2.014,101380.0,2.2,0.2,3.9,391.2,407.1,291.59999999999997,18.29,-0.57,-6.0
2023-09-27 21:30:00,292.09,0.0,180.0,0.0,0.0,77.6,2.011,101360.0,1.9,0.1,3.6,389.1,407.0,291.64,18.41,-0.57,-5.97
2023-09-27 22:00:00,292.0,0.0,180.0,0.0,0.0,78.11,2.018,101330.0,1.9,0.2,3.8,386.6,406.0,291.45,18.28,-0.6,-6.0
2023-09-27 22:30:00,291.81,0.0,180.0,0.0,0.0,79.22,2.019,101350.0,1.9,0.1,3.9,384.4,404.5,291.2,18.07,-0.6,-5.97
2023-09-27 23:00:00,291.66999999999996,0.0,180.0,0.0,0.0,79.85,1.982,101330.0,2.0,0.2,4.4,377.3,402.4,290.84999999999997,17.68,-0.57,-5.97
2023-09-27 23:30:00,292.07,0.0,180.0,0.0,0.0,78.18,2.043,101340.0,2.2,0.3,4.8,375.1,403.0,291.04999999999995,17.68,-0.6,-6.0
2023-09-28 00:00:00,292.28999999999996,0.0,180.0,0.0,0.0,77.32,2.023,101350.0,1.7,0.3,4.9,365.7,402.1,291.27,17.83,-0.55,-5.97
2023-09-28 00:30:00,292.01,0.0,180.0,0.0,0.0,78.14,2.021,101390.0,1.5,0.3,5.3,355.6,398.5,290.79999999999995,17.44,-0.6,-5.97
2023-09-28 01:00:00,291.71999999999997,0.0,180.0,0.0,0.0,79.06,2.028,101410.0,1.5,0.3,5.5,350.0,396.2,290.41999999999996,17.06,-0.6,-5.97
2023-09-28 01:30:00,290.94,0.0,180.0,0.0,0.0,81.77,2.023,101420.0,1.2,0.4,5.4,346.3,391.0,289.62,16.4,-0.57,-5.97
2023-09-28 02:00:00,290.62,0.0,180.0,0.0,0.0,83.11,2.031,101440.0,1.8,0.4,5.8,349.2,391.8,289.17999999999995,15.95,-0.57,-5.97
2023-09-28 02:30:00,290.38,0.0,180.0,0.0,0.0,84.28,2.001,101440.0,1.7,0.3,6.0,344.4,390.2,288.9,15.66,-0.6,-5.97
2023-09-28 03:00:00,290.56,0.0,180.0,0.0,0.0,84.56,2.007,101450.0,2.2,0.3,6.4,344.7,393.0,288.98999999999995,15.6,-0.57,-5.95
2023-09-28 03:30:00,290.60999999999996,0.0,180.0,0.0,0.0,84.16,2.054,101480.0,1.5,0.4,6.1,340.2,392.8,289.2,15.71,-0.57,-5.95
2023-09-28 04:00:00,289.73999999999995,0.0,180.0,0.0,0.0,85.91,2.0,101530.0,1.0,0.3,5.4,338.9,384.9,288.41999999999996,15.26,-0.57,-6.0
2023-09-28 04:30:00,288.96999999999997,0.0,180.0,0.0,0.0,87.92,1.999,101530.0,1.6,0.4,5.4,346.3,384.8,287.59,14.54,-0.6,-5.97
2023-09-28 05:00:00,289.46,0.0,180.0,0.0,0.0,85.15,2.017,101560.0,1.0,0.3,7.2,350.1,389.1,287.78,14.58,-0.6,-5.97
2023-09-28 05:30:00,289.5,0.0,180.0,0.0,0.0,84.0,2.001,101590.0,1.1,0.9,6.2,333.1,389.6,288.28,14.81,-0.6,-5.95
2023-09-28 06:00:00,289.19,0.0,180.0,0.0,0.0,82.82,2.017,101630.0,9.8,5.1,7.9,330.3,387.6,288.10999999999996,14.66,-0.57,-5.97
2023-09-28 06:30:00,289.06,0.0,180.0,0.0,0.0,82.83,2.049,101660.0,34.0,8.0,14.1,326.7,388.4,288.06,14.7,-0.6,-5.97
2023-09-28 07:00:00,289.48999999999995,0.0,180.0,0.0,0.0,81.89,2.054,101700.0,66.8,8.7,28.7,329.5,392.5,288.88,15.41,-0.6,-5.97
2023-09-28 07:30:00,289.95,0.0,180.0,0.0,0.0,81.17,2.047,101730.0,99.5,16.3,31.2,371.7,400.9,290.16999999999996,16.95,-0.6,-5.97
2023-09-28 08:00:00,290.03999999999996,0.0,180.0,0.0,0.0,81.5,2.06,101760.0,91.3,9.3,25.6,393.8,404.4,290.73999999999995,17.73,-0.6,-5.97
2023-09-28 08:30:00,290.59999999999997,0.0,180.0,0.0,0.0,80.11,2.037,101790.0,152.8,36.7,41.9,392.5,409.4,291.54999999999995,18.91,-0.57,-6.0
2023-09-28 09:00:00,291.29999999999995,0.0,180.0,0.0,0.0,78.16,2.04,101790.0,212.2,42.8,57.0,380.6,415.2,293.01,20.79,-0.6,-6.0
2023-09-28 09:30:00,292.04999999999995,0.0,180.0,0.0,0.0,76.05,2.04,101830.0,349.6,48.6,96.4,352.2,421.0,294.44,22.52,-0.57,-6.0
2023-09-28 10:00:00,292.23999999999995,0.0,180.0,0.0,0.0,74.76,2.05,101830.0,331.4,45.5,88.4,362.4,422.9,294.96,23.46,-0.57,-6.02
2023-09-28 10:30:00,292.04999999999995,0.0,180.0,0.0,0.0,75.16,2.044,101840.0,240.0,12.5,63.8,399.0,422.5,294.48999999999995,23.46,-0.57,-6.0
2023-09-28 11:00:00,291.92999999999995,0.0,180.0,0.0,0.0,75.58,2.043,101860.0,205.2,36.6,55.3,399.8,420.1,293.91999999999996,22.82,-0.57,-5.97
2023-09-28 11:30:00,292.06,0.0,180.0,0.0,0.0,74.97,2.043,101890.0,191.6,26.4,51.7,399.4,419.8,293.92999999999995,22.59,-0.57,-5.97
2023-09-28 12:00:00,292.2,0.0,180.0,0.0,0.0,74.1,2.04,101880.0,245.7,29.6,67.4,396.4,421.1,294.04999999999995,22.7,-0.65,-6.0
2023-09-28 12:30:00,292.75,0.0,180.0,0.0,0.0,71.2,2.047,101870.0,267.6,60.2,71.2,394.1,425.9,295.14,23.75,-0.57,-6.02
