Time(UTC),PTemp_C_Avg,RH1,RH2,RH3,RH4,RH5,T1,T2,T3,T4,T5,U1,WD1,U2,WD2,U3,WD3,U4,WD4,U5,WD5
2023-09-22 09:30:00,-999,-999,-999,-999,-999,-999,-999,-999,-999,-999,-999,-999,-999,-999,-999,-999,-999,-999,-999,-999,-999
2023-09-22 10:00:00,16.6132,75.2389,75.5284,73.9932,74.6184,75.0584,15.0305,14.8842,15.2758,14.4821,14.9242,0.0,180.0,0.0,180.0,1.2753,77.481,0.0,180.0,0.0,180.0
2023-09-22 10:30:00,17.209,73.7533,73.994,72.1513,73.11,73.3937,15.5107,15.3727,15.8347,14.9413,15.4237,0.0,180.0,0.0,180.0,1.3219,43.5549,0.0,180.0,0.0,180.0
2023-09-22 11:00:00,18.3787,70.8503,71.0517,68.979,70.1793,70.4923,16.265,16.1293,16.6803,15.7097,16.157,0.0,180.0,0.0,180.0,1.3835,67.0299,0.0,180.0,0.0,180.0
2023-09-22 11:30:00,19.809,66.5947,66.7727,64.8467,65.8987,66.3347,16.9103,16.7637,17.337,16.3683,16.78,0.0,180.0,0.0,180.0,1.3737,71.1182,0.0,180.0,0.0,180.0
2023-09-22 12:00:00,20.9857,63.32,63.489,61.148,62.5733,63.073,17.4107,17.2357,18.0,16.8723,17.2863,0.0,180.0,0.0,180.0,1.252,64.2371,0.0,180.0,0.0,180.0
2023-09-22 12:30:00,21.266,63.7833,63.7997,61.9423,63.076,63.49,16.744,16.6287,17.2253,16.186,16.65,0.0,180.0,0.0,180.0,1.1984,59.2698,0.0,180.0,0.0,180.0
2023-09-22 13:00:00,20.8103,64.323,64.3897,62.6887,63.6683,64.0287,16.9277,16.808,17.35,16.3733,16.8517,0.0,180.0,0.0,180.0,0.8236,86.4277,0.0,180.0,0.0,180.0
2023-09-22 13:30:00,20.4373,65.3733,65.4363,63.654,64.6537,65.0033,16.839,16.736,17.2793,16.2867,16.769,0.0,180.0,0.0,180.0,0.8972,90.1809,0.0,180.0,0.0,180.0
2023-09-22 14:00:00,19.9413,65.7753,65.8123,64.175,65.065,65.3963,16.6167,16.5053,17.006,16.0707,16.5577,0.0,180.0,0.0,180.0,0.8946,125.8637,0.0,180.0,0.0,180.0
2023-09-22 14:30:00,19.3537,66.8403,66.9237,65.2077,66.1523,66.4227,16.3337,16.2053,16.6877,15.761,16.2577,0.0,180.0,0.0,180.0,0.83,145.567,0.0,180.0,0.0,180.0
2023-09-22 15:00:00,18.901,66.3343,66.4047,64.8613,65.6577,65.87,16.3497,16.2343,16.6683,15.781,16.2787,0.0,180.0,0.0,180.0,0.9001,115.8737,0.0,180.0,0.0,180.0
2023-09-22 15:30:00,18.6943,69.719,69.813,67.7387,69.1473,69.4687,15.8703,15.76,16.318,15.2807,15.784,0.0,180.0,0.0,180.0,0.635,48.4175,0.0,180.0,0.0,180.0
2023-09-22 16:00:00,17.915,76.031,76.185,74.5703,75.495,75.6337,15.342,15.2373,15.6257,14.7583,15.287,0.0,180.0,0.0,180.0,0.4347,8.418,0.0,180.0,0.0,180.0
2023-09-22 16:30:00,17.0467,77.5827,77.73,76.366,77.0417,77.1117,15.0463,14.969,15.2767,14.4747,15.0177,0.0,180.0,0.0,180.0,0.4305,15.5578,0.0,180.0,0.0,180.0
2023-09-22 17:00:00,16.3033,78.2077,78.396,77.069,77.6717,77.735,14.919,14.8237,15.1153,14.3463,14.8987,0.0,180.0,0.0,180.0,0.2616,25.5051,0.0,180.0,0.0,180.0
2023-09-22 17:30:00,15.5997,80.796,80.9893,79.5793,80.2493,80.29,14.5207,14.4453,14.7483,13.9713,14.511,0.0,180.0,0.0,180.0,0.1429,15.7188,0.0,180.0,0.0,180.0
2023-09-22 18:00:00,14.9277,83.871,84.0833,82.9017,83.365,83.523,14.248,14.1603,14.3793,13.6847,14.2087,0.0,180.0,0.0,180.0,0.1291,8.1049,0.0,180.0,0.0,180.0
2023-09-22 18:30:00,14.359,89.3167,89.67,87.8167,88.9633,89.0067,13.7963,13.7153,13.9753,13.229,13.7423,0.0,180.0,0.0,180.0,0.0497,1.3342,0.0,180.0,0.0,180.0
2023-09-22 19:00:00,13.911,89.2633,89.4367,88.8167,88.8633,88.8,13.8137,13.732,13.8513,13.233,13.7663,0.0,180.0,0.0,180.0,0.4244,128.4742,0.0,180.0,0.0,180.0
2023-09-22 19:30:00,13.5903,90.97,91.22,90.0267,90.68,90.55,13.3083,13.223,13.4483,12.7287,13.246,0.0,180.0,0.0,180.0,0.6553,132.6836,0.0,180.0,0.0,180.0
2023-09-22 20:00:00,13.1507,87.7433,87.8267,87.1467,87.3467,87.0933,12.8573,12.8077,12.9427,12.2883,12.8403,0.0,180.0,0.0,180.0,0.7938,119.6563,0.0,180.0,0.0,180.0
2023-09-22 20:30:00,12.717,88.5033,88.8167,87.9233,88.25,88.02,12.6613,12.564,12.7003,12.053,12.6057,0.0,180.0,0.0,180.0,0.5782,144.1777,0.0,180.0,0.0,180.0
2023-09-22 21:00:00,12.438,91.07,91.4167,90.71,90.8167,90.5667,12.5387,12.4253,12.5663,11.943,12.4933,0.0,180.0,0.0,180.0,0.6749,128.2508,0.0,180.0,0.0,180.0
2023-09-22 21:30:00,12.2423,91.8933,92.2133,91.02,91.59,91.41,12.331,12.251,12.4037,11.739,12.2933,0.0,180.0,0.0,180.0,0.3297,117.9394,0.0,180.0,0.0,180.0
2023-09-22 22:00:00,12.0,94.2667,94.8,93.06,94.0733,93.9633,11.9313,11.8337,12.0907,11.34,11.8803,0.0,180.0,0.0,180.0,0.1723,18.3459,0.0,180.0,0.0,180.0
2023-09-22 22:30:00,11.6233,94.3467,94.5467,93.78,94.01,93.7933,11.7287,11.647,11.767,11.1547,11.7137,0.0,180.0,0.0,180.0,0.3474,116.7146,0.0,180.0,0.0,180.0
2023-09-22 23:00:00,11.3247,93.2267,93.3633,92.9533,92.8133,92.5267,11.615,11.5617,11.6293,11.045,11.614,0.0,180.0,0.0,180.0,0.4271,85.097,0.0,180.0,0.0,180.0
2023-09-22 23:30:00,11.14,90.7167,90.7033,91.0133,90.1833,89.89,11.7293,11.694,11.689,11.1823,11.7507,0.0,180.0,0.0,180.0,0.4155,69.1049,0.0,180.0,0.0,180.0
2023-09-23 00:00:00,11.108,88.5667,88.7833,88.93,88.12,87.96,11.8953,11.818,11.8293,11.3277,11.8893,0.0,180.0,0.0,180.0,0.4636,71.27,0.0,180.0,0.0,180.0
2023-09-23 00:30:00,11.152,89.7533,90.1167,89.6667,89.4467,89.2333,12.016,11.9227,11.9937,11.436,11.9947,0.0,180.0,0.0,180.0,0.6224,123.0838,0.0,180.0,0.0,180.0
2023-09-23 01:00:00,11.255,94.5333,95.1333,93.26,94.4533,94.3033,11.607,11.507,11.7463,11.0023,11.5593,0.0,180.0,0.0,180.0,0.2676,73.5229,0.0,180.0,0.0,180.0
2023-09-23 01:30:00,11.186,96.64,97.3433,95.6367,96.51,96.2667,11.4963,11.3853,11.542,10.901,11.4613,0.0,180.0,0.0,180.0,0.4188,22.0771,0.0,180.0,0.0,180.0
2023-09-23 02:00:00,11.1393,96.4333,96.8533,96.06,96.1467,96.0267,11.5433,11.492,11.576,10.9753,11.5343,0.0,180.0,0.0,180.0,0.5823,20.5315,0.0,180.0,0.0,180.0
2023-09-23 02:30:00,11.1103,96.1267,96.51,95.7567,95.8767,95.5667,11.4943,11.4167,11.5173,10.9323,11.4923,0.0,180.0,0.0,180.0,0.5159,26.0092,0.0,180.0,0.0,180.0
2023-09-23 03:00:00,11.1047,96.6433,97.14,96.1867,96.39,96.1,11.4853,11.3827,11.5097,10.9247,11.4763,0.0,180.0,0.0,180.0,0.495,22.8321,0.0,180.0,0.0,180.0
2023-09-23 03:30:00,11.04,96.3567,96.67,96.2533,96.05,95.7367,11.5923,11.5333,11.554,11.028,11.601,0.0,180.0,0.0,180.0,0.4717,72.6551,0.0,180.0,0.0,180.0
2023-09-23 04:00:00,11.006,95.9333,96.23,95.86,95.6333,95.2233,11.694,11.6277,11.6907,11.123,11.6997,0.0,180.0,0.0,180.0,0.4985,43.0123,0.0,180.0,0.0,180.0
2023-09-23 04:30:00,10.8573,96.3533,96.8133,96.0833,96.1667,95.7367,11.5353,11.4663,11.5237,10.9537,11.5443,0.0,180.0,0.0,180.0,0.3158,32.7645,0.0,180.0,0.0,180.0
2023-09-23 05:00:00,10.7823,96.63,97.0533,96.6667,96.3867,95.9667,11.7467,11.6663,11.6527,11.154,11.7387,0.0,180.0,0.0,180.0,0.4541,41.6191,0.0,180.0,0.0,180.0
2023-09-23 05:30:00,10.931,96.28,96.5867,96.3433,95.9267,95.5667,11.822,11.7687,11.8113,11.2477,11.8223,0.0,180.0,0.0,180.0,0.5978,33.6005,0.0,180.0,0.0,180.0
2023-09-23 06:00:00,11.0547,96.0767,96.3567,95.9533,95.7267,95.3733,11.682,11.6017,11.719,11.1143,11.6727,0.0,180.0,0.0,180.0,0.5789,63.1985,0.0,180.0,0.0,180.0
2023-09-23 06:30:00,11.104,95.5433,95.75,95.4667,95.12,94.73,11.7017,11.6373,11.7287,11.143,11.714,0.0,180.0,0.0,180.0,0.6061,48.313,0.0,180.0,0.0,180.0
2023-09-23 07:00:00,11.3347,94.2167,94.4433,94.2067,93.6967,93.2733,12.155,12.0923,12.18,11.6027,12.169,0.0,180.0,0.0,180.0,0.7219,48.2099,0.0,180.0,0.0,180.0
2023-09-23 07:30:00,11.9,92.94,93.37,92.5633,92.4833,92.15,12.7333,12.6547,12.8357,12.1783,12.717,0.0,180.0,0.0,180.0,0.818,45.3124,0.0,180.0,0.0,180.0
2023-09-23 08:00:00,12.5303,92.2433,92.7433,91.66,91.76,91.49,13.083,12.9793,13.2317,12.539,13.059,0.0,180.0,0.0,180.0,0.6795,42.0032,0.0,180.0,0.0,180.0
2023-09-23 08:30:00,13.8033,89.4067,90.0567,87.3133,88.96,88.9233,13.9543,13.8333,14.3773,13.411,13.888,0.0,180.0,0.0,180.0,0.7968,64.7924,0.0,180.0,0.0,180.0
2023-09-23 09:00:00,14.9633,89.5933,90.1167,87.5067,89.1767,89.0367,13.9663,13.864,14.36,13.4157,13.9283,0.0,180.0,0.0,180.0,0.9356,63.3989,0.0,180.0,0.0,180.0
2023-09-23 09:30:00,15.7353,88.1333,88.5733,86.4267,87.68,87.5033,14.5017,14.3957,14.8137,13.953,14.4623,0.0,180.0,0.0,180.0,0.9704,53.8695,0.0,180.0,0.0,180.0
2023-09-23 10:00:00,16.318,90.95,91.3967,88.7233,90.72,90.6433,14.524,14.4077,14.9113,13.956,14.4707,0.0,180.0,0.0,180.0,0.7108,128.7874,0.0,180.0,0.0,180.0
2023-09-23 10:30:00,15.897,93.9667,94.3167,92.2667,93.8233,93.72,14.1453,14.056,14.4027,13.5717,14.0943,0.0,180.0,0.0,180.0,0.7973,123.9702,0.0,180.0,0.0,180.0
2023-09-23 11:00:00,15.8687,88.7433,89.7867,86.9303,88.3267,88.3433,15.2077,15.0313,15.5023,14.6717,15.166,0.0,180.0,0.0,180.0,0.8034,120.5775,0.0,180.0,0.0,180.0
2023-09-23 11:30:00,17.29,81.012,82.846,78.6137,80.5733,80.7727,16.1863,15.891,16.6987,15.642,16.103,0.0,180.0,0.0,180.0,1.032,124.8566,0.0,180.0,0.0,180.0
2023-09-23 12:00:00,19.0133,74.987,76.3943,72.4523,74.573,74.5273,16.7107,16.4417,17.278,16.1713,16.6407,0.0,180.0,0.0,180.0,1.2117,128.8541,0.0,180.0,0.0,180.0
2023-09-23 12:30:00,20.3693,75.3513,76.3667,72.8967,74.901,74.902,16.9607,16.7157,17.5427,16.4313,16.8977,0.0,180.0,0.0,180.0,1.235,138.3238,0.0,180.0,0.0,180.0
2023-09-23 13:00:00,20.9563,70.028,70.5527,68.199,69.4997,69.3647,17.2243,17.042,17.6473,16.6997,17.1963,0.0,180.0,0.0,180.0,1.2239,136.4238,0.0,180.0,0.0,180.0
2023-09-23 13:30:00,21.7287,67.5183,67.9473,65.7163,67.0233,66.9117,17.6133,17.4243,18.0663,17.0673,17.5717,0.0,180.0,0.0,180.0,1.3474,135.5108,0.0,180.0,0.0,180.0
2023-09-23 14:00:00,22.1117,70.3937,70.7537,67.9147,69.8293,69.9827,17.1127,16.9417,17.741,16.571,17.035,0.0,180.0,0.0,180.0,1.2921,131.8318,0.0,180.0,0.0,180.0
2023-09-23 14:30:00,21.2217,72.989,73.2717,71.6023,72.3853,72.5343,16.433,16.3123,16.748,15.8907,16.377,0.0,180.0,0.0,180.0,1.2588,129.4565,0.0,180.0,0.0,180.0
2023-09-23 15:00:00,20.0663,75.9613,76.2357,74.4997,75.4003,75.4803,16.183,16.0473,16.4793,15.6203,16.117,0.0,180.0,0.0,180.0,1.0111,128.5842,0.0,180.0,0.0,180.0
2023-09-23 15:30:00,19.0817,77.1073,77.3423,75.949,76.5657,76.582,16.133,16.0283,16.349,15.56,16.082,0.0,180.0,0.0,180.0,0.7322,129.6991,0.0,180.0,0.0,180.0
2023-09-23 16:00:00,18.4147,78.861,79.14,77.4497,78.3433,78.3187,15.9297,15.8323,16.1923,15.358,15.882,0.0,180.0,0.0,180.0,0.7544,130.7097,0.0,180.0,0.0,180.0
2023-09-23 16:30:00,17.7213,79.4143,79.6337,78.156,78.949,78.8833,15.937,15.86,16.1623,15.355,15.888,0.0,180.0,0.0,180.0,0.5353,123.6642,0.0,180.0,0.0,180.0
2023-09-23 17:00:00,16.8907,79.582,79.715,78.6247,79.1077,79.0383,15.6593,15.5827,15.8327,15.075,15.621,0.0,180.0,0.0,180.0,0.6962,124.1541,0.0,180.0,0.0,180.0
2023-09-23 17:30:00,16.0887,76.9137,77.0393,76.2503,76.4,76.4067,15.47,15.412,15.558,14.896,15.4473,0.0,180.0,0.0,180.0,0.5675,126.0771,0.0,180.0,0.0,180.0
2023-09-23 18:00:00,15.3263,81.593,81.763,81.012,81.125,81.022,14.9007,14.826,15.0083,14.3347,14.898,0.0,180.0,0.0,180.0,0.3304,114.1702,0.0,180.0,0.0,180.0
2023-09-23 18:30:00,14.86,79.6263,79.7883,79.5303,79.1007,79.07,15.0937,15.0203,15.0667,14.53,15.0867,0.0,180.0,0.0,180.0,0.7267,132.8303,0.0,180.0,0.0,180.0
2023-09-23 19:00:00,14.6273,82.12,82.3867,80.9553,81.6547,81.502,14.5937,14.512,14.7513,14.036,14.592,0.0,180.0,0.0,180.0,0.1228,91.7729,0.0,180.0,0.0,180.0
2023-09-23 19:30:00,13.9457,90.24,90.81,88.5567,89.9533,89.75,13.554,13.4457,13.7913,12.968,13.497,0.0,180.0,0.0,180.0,0.1361,41.9665,0.0,180.0,0.0,180.0
2023-09-23 20:00:00,13.172,89.12,89.35,89.47,88.56,88.25,13.4197,13.3373,13.3447,12.879,13.431,0.0,180.0,0.0,180.0,0.1117,13.5332,0.0,180.0,0.0,180.0
2023-09-23 20:30:00,12.7913,89.5367,89.95,89.1333,89.1367,89.0767,13.3767,13.282,13.3913,12.8167,13.3403,0.0,180.0,0.0,180.0,0.1296,4.486,0.0,180.0,0.0,180.0
2023-09-23 21:00:00,12.0723,95.1333,96.1167,92.88,95.3167,95.1233,12.2893,12.1527,12.4627,11.6513,12.175,0.0,180.0,0.0,180.0,0.0921,14.9897,0.0,180.0,0.0,180.0
2023-09-23 21:30:00,11.1343,97.15,98.12,96.0467,97.2467,97.01,11.743,11.6173,11.6883,11.1453,11.6757,0.0,180.0,0.0,180.0,0.039,19.3264,0.0,180.0,0.0,180.0
2023-09-23 22:00:00,10.418,96.3767,96.87,97.0633,96.1733,96.1433,11.7683,11.6987,11.5997,11.212,11.743,0.0,180.0,0.0,180.0,0.0936,17.2415,0.0,180.0,0.0,180.0
2023-09-23 22:30:00,10.0263,95.07,95.1367,96.39,94.55,94.2533,11.7087,11.6657,11.517,11.1873,11.751,0.0,180.0,0.0,180.0,0.1969,5.2378,0.0,180.0,0.0,180.0
2023-09-23 23:00:00,9.868,94.91,95.2,95.42,94.52,94.1833,11.5383,11.4763,11.4383,10.9833,11.5597,0.0,180.0,0.0,180.0,0.1816,12.1393,0.0,180.0,0.0,180.0
2023-09-23 23:30:00,9.7463,95.37,95.7267,95.4767,95.02,94.6733,11.2887,11.2137,11.252,10.7327,11.3117,0.0,180.0,0.0,180.0,0.3428,357.2744,0.0,180.0,0.0,180.0
2023-09-24 00:00:00,9.6063,95.9867,96.4667,95.7633,95.7067,95.3867,10.9353,10.855,10.9697,10.3813,10.9433,0.0,180.0,0.0,180.0,0.3454,347.007,0.0,180.0,0.0,180.0
2023-09-24 00:30:00,9.3503,96.6533,97.2333,96.3733,96.4767,96.1367,10.6323,10.537,10.6223,10.0677,10.6203,0.0,180.0,0.0,180.0,0.1934,353.7345,0.0,180.0,0.0,180.0
2023-09-24 01:00:00,9.1113,96.3267,96.6367,96.71,96.0233,95.75,10.65,10.584,10.5647,10.0903,10.6417,0.0,180.0,0.0,180.0,0.3515,5.4434,0.0,180.0,0.0,180.0
2023-09-24 01:30:00,9.0137,95.5467,95.71,95.91,95.1167,94.8367,10.475,10.4307,10.449,9.9243,10.4827,0.0,180.0,0.0,180.0,0.4549,1.2931,0.0,180.0,0.0,180.0
2023-09-24 02:00:00,8.8003,95.99,96.51,95.8067,95.88,95.4933,10.1107,10.027,10.0933,9.5243,10.0757,0.0,180.0,0.0,180.0,0.2228,13.5849,0.0,180.0,0.0,180.0
2023-09-24 02:30:00,8.363,96.7467,97.3833,96.69,96.6733,96.37,9.7727,9.667,9.68,9.174,9.7247,0.0,180.0,0.0,180.0,0.1951,22.5727,0.0,180.0,0.0,180.0
2023-09-24 03:00:00,8.0317,96.6633,97.1,97.02,96.52,96.1933,9.606,9.5173,9.468,9.0147,9.5773,0.0,180.0,0.0,180.0,0.3053,1.2623,0.0,180.0,0.0,180.0
2023-09-24 03:30:00,7.8557,96.44,96.8267,96.7033,96.26,95.8867,9.3233,9.2423,9.2757,8.7437,9.308,0.0,180.0,0.0,180.0,0.2613,359.1939,0.0,180.0,0.0,180.0
2023-09-24 04:00:00,7.6431,96.3333,96.5933,96.75,96.05,95.75,9.1497,9.1007,9.0553,8.579,9.1437,0.0,180.0,0.0,180.0,0.2729,356.9282,0.0,180.0,0.0,180.0
2023-09-24 04:30:00,7.4762,96.1433,96.4667,96.4567,95.89,95.5167,8.954,8.8783,8.9203,8.3983,8.969,0.0,180.0,0.0,180.0,0.2676,352.7718,0.0,180.0,0.0,180.0
2023-09-24 05:00:00,7.28,96.3333,96.6967,96.55,96.0333,95.6533,8.879,8.8087,8.8297,8.316,8.894,0.0,180.0,0.0,180.0,0.2866,348.3267,0.0,180.0,0.0,180.0
2023-09-24 05:30:00,7.1465,96.2467,96.6367,96.5533,96.01,95.6367,8.7497,8.663,8.6757,8.1943,8.7483,0.0,180.0,0.0,180.0,0.0738,353.5666,0.0,180.0,0.0,180.0
2023-09-24 06:00:00,6.9751,96.7467,97.18,97.1533,96.4767,96.24,8.7543,8.681,8.617,8.173,8.7387,0.0,180.0,0.0,180.0,0.3452,4.8741,0.0,180.0,0.0,180.0
2023-09-24 06:30:00,7.2515,94.4067,94.28,95.7,93.8,93.5033,9.3393,9.307,9.212,8.8073,9.369,0.0,180.0,0.0,180.0,0.5821,0.1034,0.0,180.0,0.0,180.0
2023-09-24 07:00:00,7.8437,92.6,92.7567,93.1833,92.08,91.7867,9.727,9.696,9.711,9.1923,9.735,0.0,180.0,0.0,180.0,0.4417,357.579,0.0,180.0,0.0,180.0
2023-09-24 07:30:00,8.6387,88.6833,88.74,88.9633,87.7967,87.6133,10.6627,10.6243,10.8087,10.1923,10.7287,0.0,180.0,0.0,180.0,0.7631,358.1003,0.0,180.0,0.0,180.0
2023-09-24 08:00:00,10.489,83.0267,83.4667,81.4493,82.45,82.6967,12.361,12.256,12.98,11.832,12.2953,0.0,180.0,0.0,180.0,0.6577,5.8984,0.0,180.0,0.0,180.0
2023-09-24 08:30:00,12.7377,77.554,78.0547,75.5593,76.9853,77.256,13.8537,13.719,14.5913,13.324,13.7867,0.0,180.0,0.0,180.0,0.6546,26.4406,0.0,180.0,0.0,180.0
2023-09-24 09:00:00,14.979,72.1243,72.565,68.0787,71.5553,71.9873,15.238,15.0717,16.3383,14.6763,15.1177,0.0,180.0,0.0,180.0,0.7034,35.6546,0.0,180.0,0.0,180.0
2023-09-24 09:30:00,16.8817,69.9483,70.2463,66.4757,69.3313,69.7677,15.852,15.7127,16.7313,15.301,15.7327,0.0,180.0,0.0,180.0,1.0802,52.239,0.0,180.0,0.0,180.0
2023-09-24 10:00:00,18.574,68.0433,68.2573,65.193,67.4583,67.863,16.8167,16.6883,17.556,16.276,16.69,0.0,180.0,0.0,180.0,1.0325,35.4625,0.0,180.0,0.0,180.0
2023-09-24 10:30:00,20.1803,64.1583,64.3623,61.7563,63.507,63.94,17.446,17.2983,18.0767,16.9083,17.3203,0.0,180.0,0.0,180.0,0.9743,32.7296,0.0,180.0,0.0,180.0
2023-09-24 11:00:00,21.6067,59.5727,59.6323,57.2967,58.8513,59.357,18.006,17.8717,18.6413,17.466,17.886,0.0,180.0,0.0,180.0,1.286,55.755,0.0,180.0,0.0,180.0
2023-09-24 11:30:00,22.4837,58.7807,58.8797,56.361,58.1433,58.5923,18.347,18.196,19.0577,17.7983,18.245,0.0,180.0,0.0,180.0,0.8831,53.0903,0.0,180.0,0.0,180.0
2023-09-24 12:00:00,22.6373,56.719,56.7477,55.1703,56.0257,56.4843,18.4563,18.324,18.9373,17.9233,18.384,0.0,180.0,0.0,180.0,1.3223,57.0903,0.0,180.0,0.0,180.0
2023-09-24 12:30:00,22.994,55.652,55.6467,54.019,54.9773,55.4093,18.9817,18.8333,19.482,18.4193,18.87,0.0,180.0,0.0,180.0,1.3088,27.8962,0.0,180.0,0.0,180.0
2023-09-24 13:00:00,23.4373,54.3443,54.346,52.6423,53.6337,54.0913,19.2267,19.07,19.7677,18.6667,19.121,0.0,180.0,0.0,180.0,1.2407,36.6497,0.0,180.0,0.0,180.0
2023-09-24 13:30:00,23.754,53.8753,53.8163,51.9313,53.194,53.5173,19.473,19.332,20.0793,18.91,19.3777,0.0,180.0,0.0,180.0,1.0771,39.2946,0.0,180.0,0.0,180.0
2023-09-24 14:00:00,24.0093,53.0357,53.1073,50.5747,52.3537,52.7727,19.7497,19.5707,20.5703,19.1967,19.6343,0.0,180.0,0.0,180.0,1.0207,35.4931,0.0,180.0,0.0,180.0
2023-09-24 14:30:00,24.2837,53.476,53.5303,51.4823,52.855,53.2457,19.7293,19.556,20.3453,19.1477,19.5803,0.0,180.0,0.0,180.0,1.2492,19.8711,0.0,180.0,0.0,180.0
2023-09-24 15:00:00,24.743,52.938,52.8963,50.2713,52.287,52.602,19.771,19.618,20.665,19.202,19.6743,0.0,180.0,0.0,180.0,1.0122,32.7598,0.0,180.0,0.0,180.0
2023-09-24 15:30:00,25.156,52.3973,52.3343,49.9493,51.73,52.1567,19.5813,19.4323,20.399,19.0067,19.4577,0.0,180.0,0.0,180.0,1.0996,23.5183,0.0,180.0,0.0,180.0
2023-09-24 16:00:00,24.057,53.051,52.939,51.2467,52.3117,52.697,19.116,19.011,19.699,18.5517,19.0623,0.0,180.0,0.0,180.0,1.1118,28.0228,0.0,180.0,0.0,180.0
2023-09-24 16:30:00,21.598,55.4597,55.2443,54.7203,54.751,55.107,18.5893,18.515,18.7403,18.0287,18.5583,0.0,180.0,0.0,180.0,0.6359,23.5051,0.0,180.0,0.0,180.0
2023-09-24 17:00:00,19.573,58.1477,57.9947,57.5067,57.4953,57.861,17.9633,17.877,18.0857,17.3907,17.9077,0.0,180.0,0.0,180.0,0.6015,20.3688,0.0,180.0,0.0,180.0
2023-09-24 17:30:00,17.8263,62.9623,62.8177,62.402,62.2803,62.5417,16.8893,16.8187,16.9907,16.34,16.8503,0.0,180.0,0.0,180.0,0.3204,24.2679,0.0,180.0,0.0,180.0
2023-09-24 18:00:00,16.143,68.364,68.3223,67.7733,67.809,67.9453,15.9887,15.9083,16.037,15.4087,15.949,0.0,180.0,0.0,180.0,0.3404,24.9429,0.0,180.0,0.0,180.0
2023-09-24 18:30:00,14.6943,72.0563,71.9533,72.1853,71.5297,71.7257,15.3293,15.2787,15.221,14.7387,15.2797,0.0,180.0,0.0,180.0,0.1886,6.0864,0.0,180.0,0.0,180.0
2023-09-24 19:00:00,13.5527,75.9027,75.9447,76.3883,75.3657,75.587,14.6587,14.587,14.4797,14.1017,14.626,0.0,180.0,0.0,180.0,0.1056,358.1756,0.0,180.0,0.0,180.0
2023-09-24 19:30:00,12.691,76.2447,76.185,78.0197,75.712,75.72,14.4757,14.4333,14.052,13.9203,14.4907,0.0,180.0,0.0,180.0,0.2067,4.7417,0.0,180.0,0.0,180.0
2023-09-24 20:00:00,12.326,74.6233,74.6613,75.5087,74.103,74.137,14.7507,14.6903,14.513,14.1877,14.7583,0.0,180.0,0.0,180.0,0.5501,10.0637,0.0,180.0,0.0,180.0
2023-09-24 20:30:00,12.2583,75.814,75.901,75.6843,75.3207,75.361,14.4493,14.376,14.4413,13.8897,14.446,0.0,180.0,0.0,180.0,0.6011,3.6538,0.0,180.0,0.0,180.0
2023-09-24 21:00:00,12.1603,77.5577,77.6433,77.5747,77.1157,77.164,14.0043,13.9433,13.982,13.4243,13.9753,0.0,180.0,0.0,180.0,0.5695,6.9736,0.0,180.0,0.0,180.0
2023-09-24 21:30:00,12.0243,77.176,77.2813,77.3843,76.6953,76.677,13.896,13.824,13.82,13.3237,13.8863,0.0,180.0,0.0,180.0,0.8284,6.7201,0.0,180.0,0.0,180.0
2023-09-24 22:00:00,12.021,77.716,77.8443,77.396,77.2963,77.3033,13.646,13.579,13.6797,13.0733,13.611,0.0,180.0,0.0,180.0,0.6725,13.8166,0.0,180.0,0.0,180.0
2023-09-24 22:30:00,11.864,78.9723,79.1257,79.052,78.5463,78.5597,13.2893,13.2217,13.263,12.7377,13.263,0.0,180.0,0.0,180.0,0.7311,15.348,0.0,180.0,0.0,180.0
2023-09-24 23:00:00,11.634,79.439,79.582,79.4747,78.9837,78.9213,13.0937,13.0197,13.0733,12.5313,13.0773,0.0,180.0,0.0,180.0,0.8663,12.8828,0.0,180.0,0.0,180.0
2023-09-24 23:30:00,11.5737,79.0677,79.221,79.02,78.6347,78.573,13.156,13.0873,13.139,12.589,13.137,0.0,180.0,0.0,180.0,1.1867,9.52,0.0,180.0,0.0,180.0
2023-09-25 00:00:00,11.607,80.035,80.1983,79.881,79.5867,79.5047,13.038,12.9567,13.05,12.463,13.0157,0.0,180.0,0.0,180.0,1.1531,16.2448,0.0,180.0,0.0,180.0
2023-09-25 00:30:00,11.584,79.9737,80.1297,79.999,79.5657,79.516,12.9223,12.8607,12.897,12.3457,12.8867,0.0,180.0,0.0,180.0,0.929,17.5083,0.0,180.0,0.0,180.0
2023-09-25 01:00:00,11.4467,80.082,80.225,80.0603,79.6283,79.5503,12.7543,12.683,12.7233,12.1693,12.735,0.0,180.0,0.0,180.0,0.8175,11.4018,0.0,180.0,0.0,180.0
2023-09-25 01:30:00,11.36,79.6633,79.8207,79.5497,79.221,79.1687,12.6433,12.5923,12.6363,12.0583,12.617,0.0,180.0,0.0,180.0,1.2958,11.8507,0.0,180.0,0.0,180.0
2023-09-25 02:00:00,11.3403,79.4927,79.6747,79.2997,79.0527,79.001,12.491,12.399,12.498,11.9027,12.4607,0.0,180.0,0.0,180.0,1.4369,5.0944,0.0,180.0,0.0,180.0
2023-09-25 02:30:00,11.265,79.8313,80.035,79.6003,79.4083,79.372,12.2367,12.1513,12.258,11.6507,12.213,0.0,180.0,0.0,180.0,1.3049,11.8963,0.0,180.0,0.0,180.0
2023-09-25 03:00:00,11.1173,80.4957,80.662,80.2327,80.1143,80.0677,11.982,11.893,12.011,11.3947,11.954,0.0,180.0,0.0,180.0,1.0355,5.9134,0.0,180.0,0.0,180.0
2023-09-25 03:30:00,10.8973,80.5483,80.6837,80.6473,80.1643,80.0893,11.803,11.7497,11.772,11.2193,11.7913,0.0,180.0,0.0,180.0,0.8219,17.2912,0.0,180.0,0.0,180.0
2023-09-25 04:00:00,10.7493,79.2403,79.3837,79.3093,78.8237,78.7853,11.8797,11.8073,11.8237,11.2917,11.8563,0.0,180.0,0.0,180.0,1.0817,9.7022,0.0,180.0,0.0,180.0
2023-09-25 04:30:00,10.6863,78.5023,78.6563,78.4197,78.072,78.008,11.9117,11.8217,11.897,11.327,11.8977,0.0,180.0,0.0,180.0,1.2381,15.0093,0.0,180.0,0.0,180.0
2023-09-25 05:00:00,10.6657,78.483,78.6193,78.5257,78.061,78.0167,11.9047,11.813,11.84,11.3123,11.8757,0.0,180.0,0.0,180.0,0.8931,24.4091,0.0,180.0,0.0,180.0
2023-09-25 05:30:00,10.6453,79.0,79.1623,78.936,78.587,78.5627,11.8473,11.77,11.8213,11.2597,11.8237,0.0,180.0,0.0,180.0,0.8034,14.5062,0.0,180.0,0.0,180.0
2023-09-25 06:00:00,10.614,79.1663,79.3377,79.1597,78.739,78.6777,11.8143,11.7357,11.7873,11.2317,11.8063,0.0,180.0,0.0,180.0,0.8853,13.0809,0.0,180.0,0.0,180.0
2023-09-25 06:30:00,10.771,78.413,78.5343,78.3777,77.964,77.9193,12.0513,11.9627,12.023,11.4687,12.036,0.0,180.0,0.0,180.0,0.7831,10.5217,0.0,180.0,0.0,180.0
2023-09-25 07:00:00,11.2047,76.7263,76.8587,76.515,76.2347,76.208,12.5893,12.5127,12.5993,12.0127,12.5717,0.0,180.0,0.0,180.0,0.8803,10.246,0.0,180.0,0.0,180.0
2023-09-25 07:30:00,12.0253,74.7937,74.941,74.1577,74.267,74.2523,13.3557,13.2787,13.47,12.7963,13.339,0.0,180.0,0.0,180.0,0.6453,8.7671,0.0,180.0,0.0,180.0
2023-09-25 08:00:00,13.4107,71.4473,71.693,69.6937,70.857,71.03,14.6573,14.544,15.064,14.102,14.6307,0.0,180.0,0.0,180.0,0.5103,17.6229,0.0,180.0,0.0,180.0
2023-09-25 08:30:00,15.118,67.973,68.1127,65.8933,67.3517,67.609,15.2857,15.1923,15.7967,14.7297,15.2413,0.0,180.0,0.0,180.0,0.804,36.1864,0.0,180.0,0.0,180.0
2023-09-25 09:00:00,16.3997,66.8013,66.9403,65.2097,66.208,66.4953,15.9983,15.893,16.3753,15.4263,15.9137,0.0,180.0,0.0,180.0,0.8724,27.2323,0.0,180.0,0.0,180.0
2023-09-25 09:30:00,17.9067,65.4587,65.5897,62.8447,64.8503,65.2457,16.6823,16.554,17.347,16.124,16.5653,0.0,180.0,0.0,180.0,0.9147,35.0163,0.0,180.0,0.0,180.0
2023-09-25 10:00:00,19.1463,64.7143,64.8357,62.681,64.1067,64.4397,17.125,16.9933,17.644,16.5623,17.0143,0.0,180.0,0.0,180.0,0.9802,34.9358,0.0,180.0,0.0,180.0
2023-09-25 10:30:00,20.2273,63.0717,63.185,60.6203,62.4637,62.8473,17.8987,17.7553,18.5467,17.3413,17.7873,0.0,180.0,0.0,180.0,0.9332,42.7693,0.0,180.0,0.0,180.0
2023-09-25 11:00:00,21.5023,61.3297,61.4887,58.7403,60.652,61.042,18.715,18.5703,19.4287,18.1477,18.5883,0.0,180.0,0.0,180.0,0.9702,39.4763,0.0,180.0,0.0,180.0
2023-09-25 11:30:00,22.9207,59.913,60.0273,57.3773,59.2947,59.646,19.3747,19.2197,20.0893,18.7897,19.234,0.0,180.0,0.0,180.0,1.0107,24.3203,0.0,180.0,0.0,180.0
2023-09-25 12:00:00,23.862,59.0713,59.123,56.5907,58.418,58.713,19.8223,19.691,20.5377,19.251,19.7133,0.0,180.0,0.0,180.0,0.8535,42.374,0.0,180.0,0.0,180.0
2023-09-25 12:30:00,24.5897,58.5327,58.6457,55.932,57.9167,58.2863,20.189,20.0213,20.9243,19.616,20.0403,0.0,180.0,0.0,180.0,0.725,52.4561,0.0,180.0,0.0,180.0
2023-09-25 13:00:00,24.9153,59.1663,59.189,57.1513,58.526,58.9167,20.2103,20.0717,20.806,19.642,20.0927,0.0,180.0,0.0,180.0,0.9878,19.518,0.0,180.0,0.0,180.0
2023-09-25 13:30:00,24.9863,57.748,57.8593,55.382,57.1777,57.3937,21.1793,21.0043,21.8837,20.5927,21.0807,0.0,180.0,0.0,180.0,0.737,34.1998,0.0,180.0,0.0,180.0
2023-09-25 14:00:00,25.6847,56.7793,56.8507,53.7257,56.1653,56.4763,21.337,21.163,22.316,20.762,21.2337,0.0,180.0,0.0,180.0,0.8641,24.9844,0.0,180.0,0.0,180.0
2023-09-25 14:30:00,25.9157,57.76,57.82,54.9573,57.171,57.5417,20.9927,20.8413,21.8417,20.4163,20.8897,0.0,180.0,0.0,180.0,0.4584,44.1455,0.0,180.0,0.0,180.0
2023-09-25 15:00:00,25.3113,59.571,59.568,57.473,58.9853,59.2247,20.7163,20.5917,21.3007,20.128,20.6303,0.0,180.0,0.0,180.0,0.4994,36.8883,0.0,180.0,0.0,180.0
2023-09-25 15:30:00,24.748,59.596,59.6227,57.235,58.9467,59.25,20.8123,20.6813,21.4523,20.2403,20.7263,0.0,180.0,0.0,180.0,0.4075,28.0876,0.0,180.0,0.0,180.0
2023-09-25 16:00:00,24.0277,61.7477,61.6633,59.5163,61.0707,61.4003,20.5453,20.451,21.1173,19.984,20.4727,0.0,180.0,0.0,180.0,0.4382,36.0466,0.0,180.0,0.0,180.0
2023-09-25 16:30:00,23.041,62.369,62.347,60.6523,61.737,62.0503,20.1883,20.0867,20.605,19.6213,20.1137,0.0,180.0,0.0,180.0,0.1808,23.0028,0.0,180.0,0.0,180.0
2023-09-25 17:00:00,22.0247,70.7013,70.7233,67.4893,70.2493,70.5583,19.4263,19.3353,20.1147,18.8377,19.3373,0.0,180.0,0.0,180.0,0.0446,123.1209,0.0,180.0,0.0,180.0
2023-09-25 17:30:00,20.9193,72.8347,72.8387,71.156,72.3,72.4343,18.911,18.836,19.225,18.3347,18.8623,0.0,180.0,0.0,180.0,0.1322,117.5175,0.0,180.0,0.0,180.0
2023-09-25 18:00:00,19.8603,75.828,75.89,74.2713,75.2543,75.358,18.2867,18.2077,18.559,17.7363,18.259,0.0,180.0,0.0,180.0,0.0497,59.6693,0.0,180.0,0.0,180.0
2023-09-25 18:30:00,18.9633,78.7793,78.9373,77.507,78.2293,78.316,17.8423,17.7653,18.0577,17.294,17.8043,0.0,180.0,0.0,180.0,0.0187,22.0507,0.0,180.0,0.0,180.0
2023-09-25 19:00:00,18.2343,80.298,80.469,79.6943,79.7293,79.793,17.518,17.4463,17.61,16.975,17.476,0.0,180.0,0.0,180.0,0.0179,28.1573,0.0,180.0,0.0,180.0
2023-09-25 19:30:00,17.6897,85.3333,85.6667,84.1433,84.94,84.9167,17.1723,17.0803,17.3283,16.6053,17.106,0.0,180.0,0.0,180.0,0.0342,134.7462,0.0,180.0,0.0,180.0
2023-09-25 20:00:00,17.167,87.2067,87.54,85.9267,86.89,86.9233,16.6043,16.5167,16.8243,16.0383,16.5223,0.0,180.0,0.0,180.0,0.0664,38.2611,0.0,180.0,0.0,180.0
2023-09-25 20:30:00,16.312,91.9067,92.4467,90.6033,91.7933,91.7867,15.791,15.6793,15.9293,15.187,15.6743,0.0,180.0,0.0,180.0,0.0152,77.5223,0.0,180.0,0.0,180.0
2023-09-25 21:00:00,15.304,94.5933,95.2233,93.8667,94.54,94.5033,15.11,14.9943,15.1297,14.5127,15.0123,0.0,180.0,0.0,180.0,0.0113,77.7844,0.0,180.0,0.0,180.0
2023-09-25 21:30:00,14.682,95.5733,96.1333,95.6467,95.43,95.2767,15.0623,14.9517,14.902,14.4807,14.9867,0.0,180.0,0.0,180.0,0.0409,128.842,0.0,180.0,0.0,180.0
2023-09-25 22:00:00,14.3727,95.93,96.4633,96.2267,95.7167,95.5967,14.996,14.9127,14.8027,14.437,14.9377,0.0,180.0,0.0,180.0,0.0218,20.9035,0.0,180.0,0.0,180.0
2023-09-25 22:30:00,13.9853,96.3233,97.0633,96.5233,96.2933,96.1767,14.607,14.511,14.543,14.042,14.53,0.0,180.0,0.0,180.0,0.0126,34.8557,0.0,180.0,0.0,180.0
2023-09-25 23:00:00,13.4313,97.4267,98.1933,97.1767,97.4567,97.1533,14.1503,14.041,14.1093,13.549,14.059,0.0,180.0,0.0,180.0,0.0144,106.896,0.0,180.0,0.0,180.0
2023-09-25 23:30:00,12.892,97.7,98.5267,97.4633,97.8267,97.5267,13.7253,13.6207,13.5927,13.159,13.623,0.0,180.0,0.0,180.0,0.0113,88.5239,0.0,180.0,0.0,180.0
2023-09-26 00:00:00,12.3713,98.0033,98.65,98.0333,97.8633,97.69,13.474,13.3973,13.3743,12.9283,13.4317,0.0,180.0,0.0,180.0,0.1108,306.5409,0.0,180.0,0.0,180.0
2023-09-26 00:30:00,12.0773,97.42,97.7733,98.0933,97.0433,96.9833,13.5313,13.4547,13.4037,13.0197,13.5153,0.0,180.0,0.0,180.0,0.0777,327.3762,0.0,180.0,0.0,180.0
2023-09-26 01:00:00,11.9617,94.5767,94.11,97.3,93.5933,93.5833,13.7743,13.795,13.5003,13.312,13.8303,0.0,180.0,0.0,180.0,0.2295,1.8302,0.0,180.0,0.0,180.0
2023-09-26 01:30:00,12.0933,91.18,90.8533,93.99,90.1667,90.0,14.105,14.1147,13.7737,13.6237,14.177,0.0,180.0,0.0,180.0,0.3511,22.3805,0.0,180.0,0.0,180.0
2023-09-26 02:00:00,12.4863,88.1633,88.34,89.4833,87.61,87.4533,14.505,14.4597,14.2763,13.973,14.528,0.0,180.0,0.0,180.0,0.189,32.7801,0.0,180.0,0.0,180.0
2023-09-26 02:30:00,12.8567,89.9533,90.29,90.46,89.57,89.47,14.2993,14.226,14.196,13.749,14.276,0.0,180.0,0.0,180.0,0.0338,8.2316,0.0,180.0,0.0,180.0
2023-09-26 03:00:00,12.965,88.7533,89.06,89.1633,88.3667,88.2,14.1463,14.0593,14.0723,13.59,14.1267,0.0,180.0,0.0,180.0,0.4504,11.9994,0.0,180.0,0.0,180.0
2023-09-26 03:30:00,12.7463,88.51,88.91,88.32,88.2333,88.01,13.8433,13.7447,13.853,13.2607,13.8147,0.0,180.0,0.0,180.0,0.4523,15.0221,0.0,180.0,0.0,180.0
2023-09-26 04:00:00,12.4307,89.1,89.3733,89.12,88.8,88.6367,13.443,13.3607,13.416,12.8817,13.4043,0.0,180.0,0.0,180.0,0.4676,10.1466,0.0,180.0,0.0,180.0
2023-09-26 04:30:00,12.2487,87.59,87.8167,87.85,87.2333,87.1267,13.5077,13.4263,13.4393,12.934,13.4767,0.0,180.0,0.0,180.0,0.3582,2.3408,0.0,180.0,0.0,180.0
2023-09-26 05:00:00,12.0927,88.5367,88.8133,88.5467,88.22,88.0833,13.2643,13.1833,13.2413,12.7057,13.225,0.0,180.0,0.0,180.0,0.3186,7.4573,0.0,180.0,0.0,180.0
2023-09-26 05:30:00,11.978,88.2633,88.65,88.29,87.9667,87.83,13.3323,13.241,13.2977,12.7607,13.2923,0.0,180.0,0.0,180.0,0.3171,26.3138,0.0,180.0,0.0,180.0
2023-09-26 06:00:00,11.9243,89.6133,89.9667,89.76,89.25,88.9333,13.1797,13.092,13.1487,12.6177,13.1663,0.0,180.0,0.0,180.0,0.3001,40.8365,0.0,180.0,0.0,180.0
2023-09-26 06:30:00,12.0327,87.8733,88.2067,88.1,87.51,87.38,13.4607,13.377,13.4387,12.9,13.4403,0.0,180.0,0.0,180.0,0.3916,11.1329,0.0,180.0,0.0,180.0
2023-09-26 07:00:00,12.5,84.8767,85.12,84.97,84.4867,84.34,14.136,14.0567,14.151,13.5757,14.1283,0.0,180.0,0.0,180.0,0.5081,9.0886,0.0,180.0,0.0,180.0
2023-09-26 07:30:00,13.303,82.9967,83.2533,82.5333,82.6,82.52,14.6287,14.56,14.763,14.0693,14.6247,0.0,180.0,0.0,180.0,0.8513,14.537,0.0,180.0,0.0,180.0
2023-09-26 08:00:00,14.155,82.6967,82.9967,81.9133,82.3033,82.27,14.976,14.8813,15.1657,14.408,14.9593,0.0,180.0,0.0,180.0,0.8482,13.6411,0.0,180.0,0.0,180.0
2023-09-26 08:30:00,15.0857,80.8953,81.222,79.6423,80.53,80.425,15.6783,15.5767,15.9423,15.0973,15.638,0.0,180.0,0.0,180.0,0.5649,11.2844,0.0,180.0,0.0,180.0
2023-09-26 09:00:00,16.5717,78.5053,78.7593,76.9277,78.0297,78.0513,16.3887,16.293,16.74,15.8283,16.3287,0.0,180.0,0.0,180.0,1.1161,13.2225,0.0,180.0,0.0,180.0
2023-09-26 09:30:00,18.0277,75.7,75.9763,73.798,75.3057,75.3663,17.4323,17.306,17.871,16.851,17.3567,0.0,180.0,0.0,180.0,0.7772,16.5407,0.0,180.0,0.0,180.0
2023-09-26 10:00:00,19.5027,72.2493,72.4417,70.463,71.811,72.0157,17.914,17.8113,18.34,17.3367,17.8383,0.0,180.0,0.0,180.0,0.9397,11.5559,0.0,180.0,0.0,180.0
2023-09-26 10:30:00,20.2483,72.284,72.5107,69.8547,71.7653,71.8857,18.2747,18.1567,18.831,17.7093,18.2177,0.0,180.0,0.0,180.0,0.5233,29.7203,0.0,180.0,0.0,180.0
2023-09-26 11:00:00,20.9837,70.5113,70.7223,68.7423,70.0237,70.1813,18.8213,18.6973,19.2693,18.2423,18.747,0.0,180.0,0.0,180.0,1.0122,8.9354,0.0,180.0,0.0,180.0
2023-09-26 11:30:00,22.15,67.5853,67.81,65.3943,67.1747,67.35,20.0257,19.856,20.5787,19.4277,19.873,0.0,180.0,0.0,180.0,0.8735,5.6008,0.0,180.0,0.0,180.0
2023-09-26 12:00:00,23.786,65.6983,65.9623,63.0443,65.2257,65.509,20.698,20.5353,21.4207,20.1093,20.5417,0.0,180.0,0.0,180.0,0.7245,12.9482,0.0,180.0,0.0,180.0
2023-09-26 12:30:00,25.102,62.9333,63.017,60.7287,62.3907,62.7523,21.164,21.021,21.7903,20.585,21.0353,0.0,180.0,0.0,180.0,1.0686,14.9194,0.0,180.0,0.0,180.0
2023-09-26 13:00:00,25.6283,61.3717,61.399,59.213,60.7927,61.1477,21.055,20.9317,21.6693,20.4883,20.9567,0.0,180.0,0.0,180.0,0.7596,23.5046,0.0,180.0,0.0,180.0
2023-09-26 13:30:00,25.2527,61.4933,61.491,59.7513,60.8847,61.2077,20.9967,20.8853,21.4773,20.437,20.9267,0.0,180.0,0.0,180.0,0.8607,16.1123,0.0,180.0,0.0,180.0
2023-09-26 14:00:00,25.0227,61.8203,61.8453,59.403,61.1883,61.432,21.1633,21.0363,21.8527,20.6013,21.1067,0.0,180.0,0.0,180.0,0.8526,19.1314,0.0,180.0,0.0,180.0
2023-09-26 14:30:00,25.3497,61.107,61.136,58.6137,60.5173,60.77,21.3617,21.2277,22.0793,20.7877,21.2747,0.0,180.0,0.0,180.0,0.9384,18.6772,0.0,180.0,0.0,180.0
2023-09-26 15:00:00,25.3347,60.811,60.7873,58.9563,60.139,60.4403,21.061,20.957,21.6,20.512,21.0033,0.0,180.0,0.0,180.0,1.0665,18.1372,0.0,180.0,0.0,180.0
2023-09-26 15:30:00,24.7677,63.2063,63.1773,61.3993,62.5963,62.873,20.807,20.716,21.292,20.2607,20.7427,0.0,180.0,0.0,180.0,0.9702,15.2576,0.0,180.0,0.0,180.0
2023-09-26 16:00:00,23.87,66.2207,66.2493,64.3377,65.6067,65.764,20.5797,20.4757,21.029,20.0297,20.519,0.0,180.0,0.0,180.0,0.7509,26.5774,0.0,180.0,0.0,180.0
2023-09-26 16:30:00,22.7087,68.8993,68.9133,67.561,68.3007,68.5137,20.0277,19.95,20.3413,19.471,19.9637,0.0,180.0,0.0,180.0,0.7245,18.5725,0.0,180.0,0.0,180.0
2023-09-26 17:00:00,21.408,72.0147,72.057,70.671,71.5057,71.714,19.4867,19.4163,19.7497,18.916,19.417,0.0,180.0,0.0,180.0,0.3652,38.6727,0.0,180.0,0.0,180.0
2023-09-26 17:30:00,20.0633,77.2377,77.4083,75.5317,76.7327,76.883,18.5147,18.429,18.8347,17.946,18.445,0.0,180.0,0.0,180.0,0.0723,53.1567,0.0,180.0,0.0,180.0
2023-09-26 18:00:00,18.529,79.3823,79.4427,79.833,78.856,79.026,17.928,17.8607,17.8003,17.3793,17.8803,0.0,180.0,0.0,180.0,0.1045,34.1859,0.0,180.0,0.0,180.0
2023-09-26 18:30:00,17.1867,83.481,83.6203,83.295,83.072,83.21,17.1423,17.073,17.085,16.583,17.0543,0.0,180.0,0.0,180.0,0.0462,55.0434,0.0,180.0,0.0,180.0
2023-09-26 19:00:00,16.152,84.64,84.86,85.8767,84.05,84.2333,16.7697,16.6917,16.487,16.2413,16.7027,0.0,180.0,0.0,180.0,0.0431,5.2212,0.0,180.0,0.0,180.0
2023-09-26 19:30:00,15.3723,84.2033,84.3133,85.1367,83.52,83.5067,16.653,16.6067,16.426,16.141,16.666,0.0,180.0,0.0,180.0,0.1281,344.0897,0.0,180.0,0.0,180.0
2023-09-26 20:00:00,14.7717,83.9467,84.07,84.46,83.31,83.34,16.5237,16.4697,16.3613,16.0007,16.5033,0.0,180.0,0.0,180.0,0.0984,4.7647,0.0,180.0,0.0,180.0
2023-09-26 20:30:00,14.349,87.71,88.0133,88.3033,87.38,87.4033,15.9033,15.8267,15.7367,15.329,15.8343,0.0,180.0,0.0,180.0,0.0714,66.6358,0.0,180.0,0.0,180.0
2023-09-26 21:00:00,14.0547,87.1833,87.3133,88.99,86.7367,86.55,15.944,15.889,15.5817,15.38,15.9177,0.0,180.0,0.0,180.0,0.1559,19.8672,0.0,180.0,0.0,180.0
2023-09-26 21:30:00,13.964,85.0067,85.2633,86.1733,84.4267,84.3333,16.2573,16.1857,16.0153,15.721,16.2413,0.0,180.0,0.0,180.0,0.1522,2.4478,0.0,180.0,0.0,180.0
2023-09-26 22:00:00,13.8447,85.7867,86.0133,86.3567,85.2867,85.23,16.0523,15.98,15.9007,15.5043,16.0187,0.0,180.0,0.0,180.0,0.243,5.178,0.0,180.0,0.0,180.0
2023-09-26 22:30:00,13.6483,89.5533,90.04,89.2867,89.1967,89.1367,15.3627,15.24,15.345,14.7793,15.2997,0.0,180.0,0.0,180.0,0.0799,1.1585,0.0,180.0,0.0,180.0
2023-09-26 23:00:00,13.319,92.9833,93.63,92.5167,92.7967,92.92,14.6127,14.5087,14.5457,14.071,14.5423,0.0,180.0,0.0,180.0,0.0122,355.258,0.0,180.0,0.0,180.0
2023-09-26 23:30:00,12.9873,93.4,93.6767,95.4633,92.77,92.8667,14.6667,14.604,14.215,14.1607,14.656,0.0,180.0,0.0,180.0,0.0392,30.3769,0.0,180.0,0.0,180.0
2023-09-27 00:00:00,13.081,91.65,91.93,94.1633,91.0733,90.9267,15.1727,15.1067,14.7677,14.6293,15.169,0.0,180.0,0.0,180.0,0.056,64.2169,0.0,180.0,0.0,180.0
2023-09-27 00:30:00,13.1313,94.54,95.29,94.4233,94.4833,94.2167,14.6497,14.526,14.5913,14.0533,14.592,0.0,180.0,0.0,180.0,0.051,57.3299,0.0,180.0,0.0,180.0
2023-09-27 01:00:00,12.8987,94.5767,94.94,95.0633,94.25,94.0533,14.4837,14.4073,14.3797,13.9377,14.4743,0.0,180.0,0.0,180.0,0.1043,12.5014,0.0,180.0,0.0,180.0
2023-09-27 01:30:00,12.5837,96.1533,97.0067,95.7533,96.2467,95.94,13.908,13.7773,13.862,13.3113,13.811,0.0,180.0,0.0,180.0,0.0157,37.3025,0.0,180.0,0.0,180.0
2023-09-27 02:00:00,12.208,97.4733,98.3767,96.9367,97.5967,97.2533,13.498,13.387,13.3243,12.895,13.4107,0.0,180.0,0.0,180.0,0.029,107.8962,0.0,180.0,0.0,180.0
2023-09-27 02:30:00,11.9073,98.07,98.88,97.8933,98.0533,97.75,13.5203,13.43,13.3337,12.9217,13.458,0.0,180.0,0.0,180.0,0.0324,87.0172,0.0,180.0,0.0,180.0
2023-09-27 03:00:00,11.7187,98.2567,99.05,98.1767,98.2767,97.9467,13.359,13.2513,13.2067,12.7717,13.2857,0.0,180.0,0.0,180.0,0.02,108.705,0.0,180.0,0.0,180.0
2023-09-27 03:30:00,11.5493,98.3067,98.9833,98.3033,98.2633,97.93,13.006,12.9133,12.94,12.426,12.929,0.0,180.0,0.0,180.0,0.0725,16.66,0.0,180.0,0.0,180.0
2023-09-27 04:00:00,11.3577,98.4633,99.2867,98.3967,98.5633,98.2533,12.727,12.624,12.5743,12.1293,12.6477,0.0,180.0,0.0,180.0,0.0189,46.8621,0.0,180.0,0.0,180.0
2023-09-27 04:30:00,11.1883,98.7433,99.5467,98.7667,98.8367,98.42,12.85,12.7417,12.6187,12.2747,12.7863,0.0,180.0,0.0,180.0,0.0185,47.3841,0.0,180.0,0.0,180.0
2023-09-27 05:00:00,11.1303,98.76,99.5467,98.8967,98.8,98.4467,12.8683,12.7807,12.6773,12.2927,12.8043,0.0,180.0,0.0,180.0,0.0329,105.1421,0.0,180.0,0.0,180.0
2023-09-27 05:30:00,11.178,98.93,99.66,98.9833,98.9133,98.5233,12.8767,12.787,12.7887,12.3,12.834,0.0,180.0,0.0,180.0,0.0893,54.7372,0.0,180.0,0.0,180.0
2023-09-27 06:00:00,11.3027,98.7667,99.3333,99.0567,98.3867,98.3467,13.186,13.1233,13.091,12.653,13.1583,0.0,180.0,0.0,180.0,0.3467,0.0565,0.0,180.0,0.0,180.0
2023-09-27 06:30:00,11.7787,98.06,98.36,98.8967,97.64,97.6833,13.466,13.4087,13.3867,12.923,13.4433,0.0,180.0,0.0,180.0,0.1781,7.108,0.0,180.0,0.0,180.0
2023-09-27 07:00:00,12.4027,96.86,96.6533,98.5633,96.2833,96.2333,13.8123,13.802,13.7467,13.3013,13.8263,0.0,180.0,0.0,180.0,0.3643,359.7044,0.0,180.0,0.0,180.0
2023-09-27 07:30:00,13.1273,95.0667,94.62,96.99,94.1567,93.81,14.2773,14.2867,14.2247,13.811,14.3577,0.0,180.0,0.0,180.0,0.4713,4.1609,0.0,180.0,0.0,180.0
2023-09-27 08:00:00,14.1637,90.2233,90.1067,91.13,89.3133,89.0433,15.5493,15.5217,15.6423,15.0397,15.5813,0.0,180.0,0.0,180.0,0.389,7.7094,0.0,180.0,0.0,180.0
2023-09-27 08:30:00,15.7083,84.93,85.63,83.3483,84.5233,84.5767,17.025,16.8623,17.751,16.4447,16.907,0.0,180.0,0.0,180.0,0.3001,357.2674,0.0,180.0,0.0,180.0
2023-09-27 09:00:00,17.7147,83.65,84.3367,78.8337,83.4033,83.48,17.851,17.6807,18.9747,17.253,17.735,0.0,180.0,0.0,180.0,0.512,12.5932,0.0,180.0,0.0,180.0
2023-09-27 09:30:00,18.757,85.0633,85.47,83.31,84.7767,84.7867,17.954,17.8347,18.328,17.3753,17.8677,0.0,180.0,0.0,180.0,0.4965,320.168,0.0,180.0,0.0,180.0
2023-09-27 10:00:00,19.1957,83.15,83.49,81.409,82.7767,82.7067,18.5667,18.4637,18.9477,17.9977,18.524,0.0,180.0,0.0,180.0,0.1975,46.0327,0.0,180.0,0.0,180.0
2023-09-27 10:30:00,19.894,79.9453,80.211,78.3247,79.517,79.477,19.3027,19.2097,19.6627,18.7287,19.2437,0.0,180.0,0.0,180.0,0.9144,17.9694,0.0,180.0,0.0,180.0
2023-09-27 11:00:00,20.8843,77.4553,77.7097,75.9187,77.064,77.185,20.0433,19.9297,20.4053,19.476,19.943,0.0,180.0,0.0,180.0,0.7132,0.6,0.0,180.0,0.0,180.0
2023-09-27 11:30:00,22.3683,70.9207,71.145,69.4253,70.4607,70.493,21.336,21.2047,21.688,20.7507,21.242,0.0,180.0,0.0,180.0,1.0497,11.2535,0.0,180.0,0.0,180.0
2023-09-27 12:00:00,24.3823,64.6337,64.7813,62.6577,64.0327,64.2997,22.0483,21.9043,22.601,21.48,21.9333,0.0,180.0,0.0,180.0,1.3311,14.2631,0.0,180.0,0.0,180.0
2023-09-27 12:30:00,25.8493,62.792,62.9403,60.5783,62.254,62.4983,22.5883,22.427,23.1947,21.9963,22.4443,0.0,180.0,0.0,180.0,1.0619,29.8129,0.0,180.0,0.0,180.0
2023-09-27 13:00:00,26.9167,61.5267,61.6673,59.092,61.006,61.2337,22.876,22.7237,23.6057,22.2763,22.7263,0.0,180.0,0.0,180.0,0.9715,15.6869,0.0,180.0,0.0,180.0
2023-09-27 13:30:00,27.7663,60.0937,60.18,57.765,59.5063,59.7853,23.1693,23.0177,23.8637,22.598,23.0277,0.0,180.0,0.0,180.0,1.1601,359.9624,0.0,180.0,0.0,180.0
2023-09-27 14:00:00,27.966,60.3793,60.3747,58.3,59.7183,59.9993,23.151,23.0353,23.7763,22.596,23.032,0.0,180.0,0.0,180.0,1.1658,12.6333,0.0,180.0,0.0,180.0
2023-09-27 14:30:00,28.2833,60.761,60.819,58.2673,60.1557,60.541,22.9113,22.7703,23.668,22.3303,22.76,0.0,180.0,0.0,180.0,1.2999,7.442,0.0,180.0,0.0,180.0
2023-09-27 15:00:00,27.372,66.6337,66.6947,64.5603,66.0417,66.308,21.789,21.68,22.3193,21.2193,21.7003,0.0,180.0,0.0,180.0,0.688,26.0959,0.0,180.0,0.0,180.0
2023-09-27 15:30:00,25.4927,69.9743,70.0703,68.2503,69.379,69.6133,21.3103,21.2193,21.6943,20.7483,21.2563,0.0,180.0,0.0,180.0,0.4009,16.2095,0.0,180.0,0.0,180.0
2023-09-27 16:00:00,23.952,70.918,70.9913,69.4807,70.3807,70.5717,21.109,21.0223,21.4247,20.545,21.0613,0.0,180.0,0.0,180.0,0.3031,348.7216,0.0,180.0,0.0,180.0
2023-09-27 16:30:00,22.8413,72.743,72.7843,71.6567,72.2127,72.3707,20.885,20.791,21.108,20.3243,20.824,0.0,180.0,0.0,180.0,0.4371,2.3311,0.0,180.0,0.0,180.0
2023-09-27 17:00:00,22.0123,73.6557,73.7283,72.7243,73.11,73.2877,20.6567,20.563,20.837,20.1003,20.5897,0.0,180.0,0.0,180.0,0.6207,10.5065,0.0,180.0,0.0,180.0
2023-09-27 17:30:00,21.0043,75.0633,75.133,74.4403,74.484,74.5393,20.157,20.0793,20.2577,19.5947,20.108,0.0,180.0,0.0,180.0,0.7106,13.4245,0.0,180.0,0.0,180.0
2023-09-27 18:00:00,20.119,75.4023,75.4827,75.06,74.812,74.884,19.9227,19.8477,19.9837,19.3757,19.8827,0.0,180.0,0.0,180.0,0.8458,6.1664,0.0,180.0,0.0,180.0
2023-09-27 18:30:00,19.485,76.1003,76.184,75.8353,75.5887,75.708,19.5917,19.5323,19.6217,19.034,19.535,0.0,180.0,0.0,180.0,0.7167,10.2934,0.0,180.0,0.0,180.0
2023-09-27 19:00:00,18.9267,76.8483,76.9357,76.7987,76.3033,76.3617,19.314,19.2317,19.2897,18.7533,19.266,0.0,180.0,0.0,180.0,0.5579,17.6808,0.0,180.0,0.0,180.0
2023-09-27 19:30:00,18.519,77.0837,77.1913,77.0393,76.5533,76.6163,19.2317,19.1477,19.1983,18.662,19.184,0.0,180.0,0.0,180.0,0.563,10.4892,0.0,180.0,0.0,180.0
2023-09-27 20:00:00,18.2753,76.502,76.5893,76.4843,75.9557,75.9963,19.152,19.0807,19.1167,18.5907,19.1217,0.0,180.0,0.0,180.0,0.683,3.2794,0.0,180.0,0.0,180.0
2023-09-27 20:30:00,18.165,75.8073,75.854,75.7163,75.2413,75.2913,19.081,19.026,19.0697,18.5263,19.057,0.0,180.0,0.0,180.0,0.7365,2.1586,0.0,180.0,0.0,180.0
2023-09-27 21:00:00,18.1733,74.1163,74.1643,74.1413,73.5207,73.5883,19.2637,19.1923,19.226,18.7043,19.2297,0.0,180.0,0.0,180.0,0.9297,15.0145,0.0,180.0,0.0,180.0
2023-09-27 21:30:00,18.2797,74.9463,75.029,74.6653,74.38,74.4637,19.1523,19.086,19.1813,18.5927,19.1143,0.0,180.0,0.0,180.0,1.124,13.1124,0.0,180.0,0.0,180.0
2023-09-27 22:00:00,18.3077,75.572,75.6377,75.429,75.0317,75.0997,19.036,18.97,19.0457,18.4723,19.0043,0.0,180.0,0.0,180.0,0.8794,17.925,0.0,180.0,0.0,180.0
2023-09-27 22:30:00,18.2457,76.982,77.0767,76.759,76.4613,76.492,18.9173,18.8333,18.917,18.346,18.8773,0.0,180.0,0.0,180.0,0.4436,18.4341,0.0,180.0,0.0,180.0
2023-09-27 23:00:00,18.0463,77.671,77.7453,77.7413,77.113,77.1317,18.7963,18.7207,18.754,18.233,18.7703,0.0,180.0,0.0,180.0,0.5464,352.8882,0.0,180.0,0.0,180.0
2023-09-27 23:30:00,17.857,75.331,75.36,75.454,74.696,74.696,19.1303,19.07,19.046,18.58,19.1257,0.0,180.0,0.0,180.0,0.6681,11.3002,0.0,180.0,0.0,180.0
2023-09-28 00:00:00,17.8567,74.0683,74.128,74.0517,73.4293,73.4957,19.3963,19.3237,19.3497,18.8467,19.3747,0.0,180.0,0.0,180.0,0.6218,11.1053,0.0,180.0,0.0,180.0
2023-09-28 00:30:00,17.7997,75.0093,75.027,74.9763,74.353,74.398,19.1473,19.0817,19.104,18.598,19.1303,0.0,180.0,0.0,180.0,0.5669,1.907,0.0,180.0,0.0,180.0
2023-09-28 01:00:00,17.544,76.308,76.3297,76.184,75.6877,75.738,18.8707,18.8117,18.852,18.322,18.851,0.0,180.0,0.0,180.0,0.5802,0.6149,0.0,180.0,0.0,180.0
2023-09-28 01:30:00,17.1637,79.9497,80.0503,79.3373,79.3103,79.2857,18.188,18.1207,18.2663,17.6617,18.1997,0.0,180.0,0.0,180.0,0.365,352.7963,0.0,180.0,0.0,180.0
2023-09-28 02:00:00,16.6077,82.2233,82.3133,82.2267,81.62,81.4833,17.785,17.7323,17.7427,17.2553,17.8203,0.0,180.0,0.0,180.0,0.4301,9.3932,0.0,180.0,0.0,180.0
2023-09-28 02:30:00,16.2107,83.89,84.04,84.2967,83.3733,83.25,17.6027,17.546,17.4887,17.0647,17.6143,0.0,180.0,0.0,180.0,0.247,313.7511,0.0,180.0,0.0,180.0
2023-09-28 03:00:00,15.919,84.4467,84.57,85.4533,83.9367,83.7733,17.7117,17.642,17.491,17.1667,17.7143,0.0,180.0,0.0,180.0,0.4395,102.6198,0.0,180.0,0.0,180.0
2023-09-28 03:30:00,15.8973,83.9067,84.0367,84.3667,83.4367,83.32,17.7617,17.71,17.6417,17.2113,17.7583,0.0,180.0,0.0,180.0,0.4262,51.8259,0.0,180.0,0.0,180.0
2023-09-28 04:00:00,15.7713,86.96,87.2733,86.4267,86.63,86.5533,17.024,16.9453,17.0567,16.457,16.9693,0.0,180.0,0.0,180.0,0.1692,117.8014,0.0,180.0,0.0,180.0
2023-09-28 04:30:00,15.23,90.8267,91.0667,90.74,90.46,90.24,16.195,16.1333,16.1343,15.633,16.167,0.0,180.0,0.0,180.0,0.2496,71.0807,0.0,180.0,0.0,180.0
2023-09-28 05:00:00,14.856,85.9033,85.8867,87.23,85.44,85.19,16.577,16.5417,16.3333,16.0223,16.5683,0.0,180.0,0.0,180.0,0.6745,141.4142,0.0,180.0,0.0,180.0
2023-09-28 05:30:00,14.846,84.19,84.3667,84.55,83.7633,83.6267,16.6243,16.5627,16.5487,16.0663,16.5913,0.0,180.0,0.0,180.0,0.6568,118.1024,0.0,180.0,0.0,180.0
2023-09-28 06:00:00,14.861,82.2,82.3533,82.33,81.7733,81.69,16.2897,16.2263,16.2533,15.7237,16.249,0.0,180.0,0.0,180.0,0.6766,90.2465,0.0,180.0,0.0,180.0
2023-09-28 06:30:00,14.8177,82.3067,82.4767,82.36,81.8433,81.75,16.0967,16.0427,16.0673,15.5417,16.0843,0.0,180.0,0.0,180.0,0.6827,50.0564,0.0,180.0,0.0,180.0
2023-09-28 07:00:00,14.9987,81.4963,81.66,81.199,80.8713,80.7993,16.3267,16.2443,16.368,15.794,16.3113,0.0,180.0,0.0,180.0,0.7352,87.4852,0.0,180.0,0.0,180.0
2023-09-28 07:30:00,15.699,80.6763,80.9133,79.6103,80.1067,80.1763,16.7607,16.6603,16.975,16.2317,16.7183,0.0,180.0,0.0,180.0,0.8374,32.5719,0.0,180.0,0.0,180.0
2023-09-28 08:00:00,16.5877,80.5883,80.8067,79.8607,80.124,80.1413,16.9327,16.8317,17.0913,16.376,16.8833,0.0,180.0,0.0,180.0,0.9541,42.8348,0.0,180.0,0.0,180.0
2023-09-28 08:30:00,17.238,78.7157,78.9393,78.0523,78.202,78.2057,17.3923,17.3133,17.5163,16.8437,17.363,0.0,180.0,0.0,180.0,0.8635,56.5784,0.0,180.0,0.0,180.0
2023-09-28 09:00:00,18.152,76.351,76.618,74.812,75.809,75.9707,17.99,17.888,18.3227,17.4343,17.9323,0.0,180.0,0.0,180.0,0.7124,76.6966,0.0,180.0,0.0,180.0
2023-09-28 09:30:00,19.2847,73.9937,74.3257,71.9967,73.2937,73.5783,18.576,18.4433,19.0397,18.0493,18.5177,0.0,180.0,0.0,180.0,0.973,144.9448,0.0,180.0,0.0,180.0
2023-09-28 10:00:00,20.561,72.0393,72.3367,69.585,71.375,71.678,18.8037,18.649,19.3763,18.258,18.713,0.0,180.0,0.0,180.0,0.8868,68.7169,0.0,180.0,0.0,180.0
2023-09-28 10:30:00,21.4477,72.2003,72.451,70.1837,71.6673,71.8837,18.763,18.628,19.2373,18.1993,18.6777,0.0,180.0,0.0,180.0,0.8576,40.7703,0.0,180.0,0.0,180.0
2023-09-28 11:00:00,21.657,72.5233,72.741,70.821,71.9757,72.1867,18.6987,18.5813,19.074,18.13,18.6193,0.0,180.0,0.0,180.0,0.953,63.0465,0.0,180.0,0.0,180.0
2023-09-28 11:30:00,21.527,71.6643,71.8937,70.0097,71.086,71.3133,18.8383,18.726,19.2167,18.2757,18.7723,0.0,180.0,0.0,180.0,0.848,83.9834,0.0,180.0,0.0,180.0
2023-09-28 12:00:00,21.3913,70.5207,70.687,69.173,69.915,70.104,18.9163,18.8083,19.2117,18.354,18.846,0.0,180.0,0.0,180.0,0.9789,49.9145,0.0,180.0,0.0,180.0
2023-09-28 12:30:00,21.5568,66.9509,67.1473,65.3277,66.3141,66.5791,19.4473,19.3055,19.8455,18.8945,19.3777,0.0,180.0,0.0,180.0,0.9209,103.7483,0.0,180.0,0.0,180.0
