Time(UTC),batt_v_1,t_log_1,rh_1,rh_2,rh_3,rh_4,rh_5,t_1,t_2,t_3,t_4,t_5,wspd_1,wdir_1,wspd_2,wdir_2,wspd_3,wdir_3,wspd_4,wdir_4,wspd_5,wdir_5
2023-09-22 09:30:00,-999,-999,-999,-999,-999,-999,-999,-999,-999,-999,-999,-999,-999,-999,-999,-999,-999,-999,-999,-999,-999,-999
2023-09-22 10:00:00,12.7589,16.6132,75.2389,75.5284,73.9932,74.6184,75.0584,15.0305,14.8842,15.2758,14.4821,14.9242,0.0,180.0,0.0,180.0,1.2753,77.481,0.0,180.0,0.0,180.0
2023-09-22 10:30:00,13.1977,17.209,73.7533,73.994,72.1513,73.11,73.3937,15.5107,15.3727,15.8347,14.9413,15.4237,0.0,180.0,0.0,180.0,1.3219,43.5549,0.0,180.0,0.0,180.0
2023-09-22 11:00:00,13.4883,18.3787,70.8503,71.0517,68.979,70.1793,70.4923,16.265,16.1293,16.6803,15.7097,16.157,0.0,180.0,0.0,180.0,1.3835,67.0299,0.0,180.0,0.0,180.0
2023-09-22 11:30:00,13.3677,19.809,66.5947,66.7727,64.8467,65.8987,66.3347,16.9103,16.7637,17.337,16.3683,16.78,0.0,180.0,0.0,180.0,1.3737,71.1182,0.0,180.0,0.0,180.0
2023-09-22 12:00:00,13.4703,20.9857,63.32,63.489,61.148,62.5733,63.073,17.4107,17.2357,18.0,16.8723,17.2863,0.0,180.0,0.0,180.0,1.252,64.2371,0.0,180.0,0.0,180.0
2023-09-22 12:30:00,13.51,21.266,63.7833,63.7997,61.9423,63.076,63.49,16.744,16.6287,17.2253,16.186,16.65,0.0,180.0,0.0,180.0,1.1984,59.2698,0.0,180.0,0.0,180.0
2023-09-22 13:00:00,13.4173,20.8103,64.323,64.3897,62.6887,63.6683,64.0287,16.9277,16.808,17.35,16.3733,16.8517,0.0,180.0,0.0,180.0,0.8236,86.4277,0.0,180.0,0.0,180.0
2023-09-22 13:30:00,13.2253,20.4373,65.3733,65.4363,63.654,64.6537,65.0033,16.839,16.736,17.2793,16.2867,16.769,0.0,180.0,0.0,180.0,0.8972,90.1809,0.0,180.0,0.0,180.0
2023-09-22 14:00:00,13.101,19.9413,65.7753,65.8123,64.175,65.065,65.3963,16.6167,16.5053,17.006,16.0707,16.5577,0.0,180.0,0.0,180.0,0.8946,125.8637,0.0,180.0,0.0,180.0
2023-09-22 14:30:00,13.031,19.3537,66.8403,66.9237,65.2077,66.1523,66.4227,16.3337,16.2053,16.6877,15.761,16.2577,0.0,180.0,0.0,180.0,0.83,145.567,0.0,180.0,0.0,180.0
2023-09-22 15:00:00,13.2203,18.901,66.3343,66.4047,64.8613,65.6577,65.87,16.3497,16.2343,16.6683,15.781,16.2787,0.0,180.0,0.0,180.0,0.9001,115.8737,0.0,180.0,0.0,180.0
2023-09-22 15:30:00,12.9137,18.6943,69.719,69.813,67.7387,69.1473,69.4687,15.8703,15.76,16.318,15.2807,15.784,0.0,180.0,0.0,180.0,0.635,48.4175,0.0,180.0,0.0,180.0
2023-09-22 16:00:00,12.8007,17.915,76.031,76.185,74.5703,75.495,75.6337,15.342,15.2373,15.6257,14.7583,15.287,0.0,180.0,0.0,180.0,0.4347,8.418,0.0,180.0,0.0,180.0
2023-09-22 16:30:00,12.7307,17.0467,77.5827,77.73,76.366,77.0417,77.1117,15.0463,14.969,15.2767,14.4747,15.0177,0.0,180.0,0.0,180.0,0.4305,15.5578,0.0,180.0,0.0,180.0
2023-09-22 17:00:00,12.6687,16.3033,78.2077,78.396,77.069,77.6717,77.735,14.919,14.8237,15.1153,14.3463,14.8987,0.0,180.0,0.0,180.0,0.2616,25.5051,0.0,180.0,0.0,180.0
2023-09-22 17:30:00,12.582,15.5997,80.796,80.9893,79.5793,80.2493,80.29,14.5207,14.4453,14.7483,13.9713,14.511,0.0,180.0,0.0,180.0,0.1429,15.7188,0.0,180.0,0.0,180.0
2023-09-22 18:00:00,12.5327,14.9277,83.871,84.0833,82.9017,83.365,83.523,14.248,14.1603,14.3793,13.6847,14.2087,0.0,180.0,0.0,180.0,0.1291,8.1049,0.0,180.0,0.0,180.0
2023-09-22 18:30:00,12.487,14.359,89.3167,89.67,87.8167,88.9633,89.0067,13.7963,13.7153,13.9753,13.229,13.7423,0.0,180.0,0.0,180.0,0.0497,1.3342,0.0,180.0,0.0,180.0
2023-09-22 19:00:00,12.444,13.911,89.2633,89.4367,88.8167,88.8633,88.8,13.8137,13.732,13.8513,13.233,13.7663,0.0,180.0,0.0,180.0,0.4244,128.4742,0.0,180.0,0.0,180.0
2023-09-22 19:30:00,12.4057,13.5903,90.97,91.22,90.0267,90.68,90.55,13.3083,13.223,13.4483,12.7287,13.246,0.0,180.0,0.0,180.0,0.6553,132.6836,0.0,180.0,0.0,180.0
2023-09-22 20:00:00,12.369,13.1507,87.7433,87.8267,87.1467,87.3467,87.0933,12.8573,12.8077,12.9427,12.2883,12.8403,0.0,180.0,0.0,180.0,0.7938,119.6563,0.0,180.0,0.0,180.0
2023-09-22 20:30:00,12.3343,12.717,88.5033,88.8167,87.9233,88.25,88.02,12.6613,12.564,12.7003,12.053,12.6057,0.0,180.0,0.0,180.0,0.5782,144.1777,0.0,180.0,0.0,180.0
2023-09-22 21:00:00,12.3,12.438,91.07,91.4167,90.71,90.8167,90.5667,12.5387,12.4253,12.5663,11.943,12.4933,0.0,180.0,0.0,180.0,0.6749,128.2508,0.0,180.0,0.0,180.0
2023-09-22 21:30:00,12.2687,12.2423,91.8933,92.2133,91.02,91.59,91.41,12.331,12.251,12.4037,11.739,12.2933,0.0,180.0,0.0,180.0,0.3297,117.9394,0.0,180.0,0.0,180.0
2023-09-22 22:00:00,12.2367,12.0,94.2667,94.8,93.06,94.0733,93.9633,11.9313,11.8337,12.0907,11.34,11.8803,0.0,180.0,0.0,180.0,0.1723,18.3459,0.0,180.0,0.0,180.0
2023-09-22 22:30:00,12.204,11.6233,94.3467,94.5467,93.78,94.01,93.7933,11.7287,11.647,11.767,11.1547,11.7137,0.0,180.0,0.0,180.0,0.3474,116.7146,0.0,180.0,0.0,180.0
2023-09-22 23:00:00,12.173,11.3247,93.2267,93.3633,92.9533,92.8133,92.5267,11.615,11.5617,11.6293,11.045,11.614,0.0,180.0,0.0,180.0,0.4271,85.097,0.0,180.0,0.0,180.0
2023-09-22 23:30:00,12.1413,11.14,90.7167,90.7033,91.0133,90.1833,89.89,11.7293,11.694,11.689,11.1823,11.7507,0.0,180.0,0.0,180.0,0.4155,69.1049,0.0,180.0,0.0,180.0
2023-09-23 00:00:00,12.1093,11.108,88.5667,88.7833,88.93,88.12,87.96,11.8953,11.818,11.8293,11.3277,11.8893,0.0,180.0,0.0,180.0,0.4636,71.27,0.0,180.0,0.0,180.0
2023-09-23 00:30:00,12.0793,11.152,89.7533,90.1167,89.6667,89.4467,89.2333,12.016,11.9227,11.9937,11.436,11.9947,0.0,180.0,0.0,180.0,0.6224,123.0838,0.0,180.0,0.0,180.0
2023-09-23 01:00:00,12.0547,11.255,94.5333,95.1333,93.26,94.4533,94.3033,11.607,11.507,11.7463,11.0023,11.5593,0.0,180.0,0.0,180.0,0.2676,73.5229,0.0,180.0,0.0,180.0
2023-09-23 01:30:00,12.0313,11.186,96.64,97.3433,95.6367,96.51,96.2667,11.4963,11.3853,11.542,10.901,11.4613,0.0,180.0,0.0,180.0,0.4188,22.0771,0.0,180.0,0.0,180.0
2023-09-23 02:00:00,12.0113,11.1393,96.4333,96.8533,96.06,96.1467,96.0267,11.5433,11.492,11.576,10.9753,11.5343,0.0,180.0,0.0,180.0,0.5823,20.5315,0.0,180.0,0.0,180.0
2023-09-23 02:30:00,11.9963,11.1103,96.1267,96.51,95.7567,95.8767,95.5667,11.4943,11.4167,11.5173,10.9323,11.4923,0.0,180.0,0.0,180.0,0.5159,26.0092,0.0,180.0,0.0,180.0
2023-09-23 03:00:00,11.9817,11.1047,96.6433,97.14,96.1867,96.39,96.1,11.4853,11.3827,11.5097,10.9247,11.4763,0.0,180.0,0.0,180.0,0.495,22.8321,0.0,180.0,0.0,180.0
2023-09-23 03:30:00,11.969,11.04,96.3567,96.67,96.2533,96.05,95.7367,11.5923,11.5333,11.554,11.028,11.601,0.0,180.0,0.0,180.0,0.4717,72.6551,0.0,180.0,0.0,180.0
2023-09-23 04:00:00,11.957,11.006,95.9333,96.23,95.86,95.6333,95.2233,11.694,11.6277,11.6907,11.123,11.6997,0.0,180.0,0.0,180.0,0.4985,43.0123,0.0,180.0,0.0,180.0
2023-09-23 04:30:00,11.947,10.8573,96.3533,96.8133,96.0833,96.1667,95.7367,11.5353,11.4663,11.5237,10.9537,11.5443,0.0,180.0,0.0,180.0,0.3158,32.7645,0.0,180.0,0.0,180.0
2023-09-23 05:00:00,11.9407,10.7823,96.63,97.0533,96.6667,96.3867,95.9667,11.7467,11.6663,11.6527,11.154,11.7387,0.0,180.0,0.0,180.0,0.4541,41.6191,0.0,180.0,0.0,180.0
2023-09-23 05:30:00,11.9343,10.931,96.28,96.5867,96.3433,95.9267,95.5667,11.822,11.7687,11.8113,11.2477,11.8223,0.0,180.0,0.0,180.0,0.5978,33.6005,0.0,180.0,0.0,180.0
2023-09-23 06:00:00,11.9323,11.0547,96.0767,96.3567,95.9533,95.7267,95.3733,11.682,11.6017,11.719,11.1143,11.6727,0.0,180.0,0.0,180.0,0.5789,63.1985,0.0,180.0,0.0,180.0
2023-09-23 06:30:00,11.934,11.104,95.5433,95.75,95.4667,95.12,94.73,11.7017,11.6373,11.7287,11.143,11.714,0.0,180.0,0.0,180.0,0.6061,48.313,0.0,180.0,0.0,180.0
2023-09-23 07:00:00,11.9973,11.3347,94.2167,94.4433,94.2067,93.6967,93.2733,12.155,12.0923,12.18,11.6027,12.169,0.0,180.0,0.0,180.0,0.7219,48.2099,0.0,180.0,0.0,180.0
2023-09-23 07:30:00,12.114,11.9,92.94,93.37,92.5633,92.4833,92.15,12.7333,12.6547,12.8357,12.1783,12.717,0.0,180.0,0.0,180.0,0.818,45.3124,0.0,180.0,0.0,180.0
2023-09-23 08:00:00,12.3873,12.5303,92.2433,92.7433,91.66,91.76,91.49,13.083,12.9793,13.2317,12.539,13.059,0.0,180.0,0.0,180.0,0.6795,42.0032,0.0,180.0,0.0,180.0
2023-09-23 08:30:00,12.796,13.8033,89.4067,90.0567,87.3133,88.96,88.9233,13.9543,13.8333,14.3773,13.411,13.888,0.0,180.0,0.0,180.0,0.7968,64.7924,0.0,180.0,0.0,180.0
2023-09-23 09:00:00,12.8517,14.9633,89.5933,90.1167,87.5067,89.1767,89.0367,13.9663,13.864,14.36,13.4157,13.9283,0.0,180.0,0.0,180.0,0.9356,63.3989,0.0,180.0,0.0,180.0
2023-09-23 09:30:00,13.274,15.7353,88.1333,88.5733,86.4267,87.68,87.5033,14.5017,14.3957,14.8137,13.953,14.4623,0.0,180.0,0.0,180.0,0.9704,53.8695,0.0,180.0,0.0,180.0
2023-09-23 10:00:00,12.7857,16.318,90.95,91.3967,88.7233,90.72,90.6433,14.524,14.4077,14.9113,13.956,14.4707,0.0,180.0,0.0,180.0,0.7108,128.7874,0.0,180.0,0.0,180.0
2023-09-23 10:30:00,12.6437,15.897,93.9667,94.3167,92.2667,93.8233,93.72,14.1453,14.056,14.4027,13.5717,14.0943,0.0,180.0,0.0,180.0,0.7973,123.9702,0.0,180.0,0.0,180.0
2023-09-23 11:00:00,13.7563,15.8687,88.7433,89.7867,86.9303,88.3267,88.3433,15.2077,15.0313,15.5023,14.6717,15.166,0.0,180.0,0.0,180.0,0.8034,120.5775,0.0,180.0,0.0,180.0
2023-09-23 11:30:00,13.6433,17.29,81.012,82.846,78.6137,80.5733,80.7727,16.1863,15.891,16.6987,15.642,16.103,0.0,180.0,0.0,180.0,1.032,124.8566,0.0,180.0,0.0,180.0
2023-09-23 12:00:00,13.5937,19.0133,74.987,76.3943,72.4523,74.573,74.5273,16.7107,16.4417,17.278,16.1713,16.6407,0.0,180.0,0.0,180.0,1.2117,128.8541,0.0,180.0,0.0,180.0
2023-09-23 12:30:00,13.4033,20.3693,75.3513,76.3667,72.8967,74.901,74.902,16.9607,16.7157,17.5427,16.4313,16.8977,0.0,180.0,0.0,180.0,1.235,138.3238,0.0,180.0,0.0,180.0
2023-09-23 13:00:00,13.5763,20.9563,70.028,70.5527,68.199,69.4997,69.3647,17.2243,17.042,17.6473,16.6997,17.1963,0.0,180.0,0.0,180.0,1.2239,136.4238,0.0,180.0,0.0,180.0
2023-09-23 13:30:00,13.5343,21.7287,67.5183,67.9473,65.7163,67.0233,66.9117,17.6133,17.4243,18.0663,17.0673,17.5717,0.0,180.0,0.0,180.0,1.3474,135.5108,0.0,180.0,0.0,180.0
2023-09-23 14:00:00,13.3093,22.1117,70.3937,70.7537,67.9147,69.8293,69.9827,17.1127,16.9417,17.741,16.571,17.035,0.0,180.0,0.0,180.0,1.2921,131.8318,0.0,180.0,0.0,180.0
2023-09-23 14:30:00,13.186,21.2217,72.989,73.2717,71.6023,72.3853,72.5343,16.433,16.3123,16.748,15.8907,16.377,0.0,180.0,0.0,180.0,1.2588,129.4565,0.0,180.0,0.0,180.0
2023-09-23 15:00:00,13.0247,20.0663,75.9613,76.2357,74.4997,75.4003,75.4803,16.183,16.0473,16.4793,15.6203,16.117,0.0,180.0,0.0,180.0,1.0111,128.5842,0.0,180.0,0.0,180.0
2023-09-23 15:30:00,12.931,19.0817,77.1073,77.3423,75.949,76.5657,76.582,16.133,16.0283,16.349,15.56,16.082,0.0,180.0,0.0,180.0,0.7322,129.6991,0.0,180.0,0.0,180.0
2023-09-23 16:00:00,12.8687,18.4147,78.861,79.14,77.4497,78.3433,78.3187,15.9297,15.8323,16.1923,15.358,15.882,0.0,180.0,0.0,180.0,0.7544,130.7097,0.0,180.0,0.0,180.0
2023-09-23 16:30:00,12.766,17.7213,79.4143,79.6337,78.156,78.949,78.8833,15.937,15.86,16.1623,15.355,15.888,0.0,180.0,0.0,180.0,0.5353,123.6642,0.0,180.0,0.0,180.0
2023-09-23 17:00:00,12.6923,16.8907,79.582,79.715,78.6247,79.1077,79.0383,15.6593,15.5827,15.8327,15.075,15.621,0.0,180.0,0.0,180.0,0.6962,124.1541,0.0,180.0,0.0,180.0
2023-09-23 17:30:00,12.6263,16.0887,76.9137,77.0393,76.2503,76.4,76.4067,15.47,15.412,15.558,14.896,15.4473,0.0,180.0,0.0,180.0,0.5675,126.0771,0.0,180.0,0.0,180.0
2023-09-23 18:00:00,12.5713,15.3263,81.593,81.763,81.012,81.125,81.022,14.9007,14.826,15.0083,14.3347,14.898,0.0,180.0,0.0,180.0,0.3304,114.1702,0.0,180.0,0.0,180.0
2023-09-23 18:30:00,12.5327,14.86,79.6263,79.7883,79.5303,79.1007,79.07,15.0937,15.0203,15.0667,14.53,15.0867,0.0,180.0,0.0,180.0,0.7267,132.8303,0.0,180.0,0.0,180.0
2023-09-23 19:00:00,12.4937,14.6273,82.12,82.3867,80.9553,81.6547,81.502,14.5937,14.512,14.7513,14.036,14.592,0.0,180.0,0.0,180.0,0.1228,91.7729,0.0,180.0,0.0,180.0
2023-09-23 19:30:00,12.458,13.9457,90.24,90.81,88.5567,89.9533,89.75,13.554,13.4457,13.7913,12.968,13.497,0.0,180.0,0.0,180.0,0.1361,41.9665,0.0,180.0,0.0,180.0
2023-09-23 20:00:00,12.424,13.172,89.12,89.35,89.47,88.56,88.25,13.4197,13.3373,13.3447,12.879,13.431,0.0,180.0,0.0,180.0,0.1117,13.5332,0.0,180.0,0.0,180.0
2023-09-23 20:30:00,12.391,12.7913,89.5367,89.95,89.1333,89.1367,89.0767,13.3767,13.282,13.3913,12.8167,13.3403,0.0,180.0,0.0,180.0,0.1296,4.486,0.0,180.0,0.0,180.0
2023-09-23 21:00:00,12.3617,12.0723,95.1333,96.1167,92.88,95.3167,95.1233,12.2893,12.1527,12.4627,11.6513,12.175,0.0,180.0,0.0,180.0,0.0921,14.9897,0.0,180.0,0.0,180.0
2023-09-23 21:30:00,12.331,11.1343,97.15,98.12,96.0467,97.2467,97.01,11.743,11.6173,11.6883,11.1453,11.6757,0.0,180.0,0.0,180.0,0.039,19.3264,0.0,180.0,0.0,180.0
2023-09-23 22:00:00,12.3023,10.418,96.3767,96.87,97.0633,96.1733,96.1433,11.7683,11.6987,11.5997,11.212,11.743,0.0,180.0,0.0,180.0,0.0936,17.2415,0.0,180.0,0.0,180.0
2023-09-23 22:30:00,12.2733,10.0263,95.07,95.1367,96.39,94.55,94.2533,11.7087,11.6657,11.517,11.1873,11.751,0.0,180.0,0.0,180.0,0.1969,5.2378,0.0,180.0,0.0,180.0
2023-09-23 23:00:00,12.2453,9.868,94.91,95.2,95.42,94.52,94.1833,11.5383,11.4763,11.4383,10.9833,11.5597,0.0,180.0,0.0,180.0,0.1816,12.1393,0.0,180.0,0.0,180.0
2023-09-23 23:30:00,12.2167,9.7463,95.37,95.7267,95.4767,95.02,94.6733,11.2887,11.2137,11.252,10.7327,11.3117,0.0,180.0,0.0,180.0,0.3428,357.2744,0.0,180.0,0.0,180.0
2023-09-24 00:00:00,12.1907,9.6063,95.9867,96.4667,95.7633,95.7067,95.3867,10.9353,10.855,10.9697,10.3813,10.9433,0.0,180.0,0.0,180.0,0.3454,347.007,0.0,180.0,0.0,180.0
2023-09-24 00:30:00,12.1603,9.3503,96.6533,97.2333,96.3733,96.4767,96.1367,10.6323,10.537,10.6223,10.0677,10.6203,0.0,180.0,0.0,180.0,0.1934,353.7345,0.0,180.0,0.0,180.0
2023-09-24 01:00:00,12.1347,9.1113,96.3267,96.6367,96.71,96.0233,95.75,10.65,10.584,10.5647,10.0903,10.6417,0.0,180.0,0.0,180.0,0.3515,5.4434,0.0,180.0,0.0,180.0
2023-09-24 01:30:00,12.1073,9.0137,95.5467,95.71,95.91,95.1167,94.8367,10.475,10.4307,10.449,9.9243,10.4827,0.0,180.0,0.0,180.0,0.4549,1.2931,0.0,180.0,0.0,180.0
2023-09-24 02:00:00,12.0763,8.8003,95.99,96.51,95.8067,95.88,95.4933,10.1107,10.027,10.0933,9.5243,10.0757,0.0,180.0,0.0,180.0,0.2228,13.5849,0.0,180.0,0.0,180.0
2023-09-24 02:30:00,12.0497,8.363,96.7467,97.3833,96.69,96.6733,96.37,9.7727,9.667,9.68,9.174,9.7247,0.0,180.0,0.0,180.0,0.1951,22.5727,0.0,180.0,0.0,180.0
2023-09-24 03:00:00,12.0257,8.0317,96.6633,97.1,97.02,96.52,96.1933,9.606,9.5173,9.468,9.0147,9.5773,0.0,180.0,0.0,180.0,0.3053,1.2623,0.0,180.0,0.0,180.0
2023-09-24 03:30:00,12.003,7.8557,96.44,96.8267,96.7033,96.26,95.8867,9.3233,9.2423,9.2757,8.7437,9.308,0.0,180.0,0.0,180.0,0.2613,359.1939,0.0,180.0,0.0,180.0
2023-09-24 04:00:00,11.982,7.6431,96.3333,96.5933,96.75,96.05,95.75,9.1497,9.1007,9.0553,8.579,9.1437,0.0,180.0,0.0,180.0,0.2729,356.9282,0.0,180.0,0.0,180.0
2023-09-24 04:30:00,11.9677,7.4762,96.1433,96.4667,96.4567,95.89,95.5167,8.954,8.8783,8.9203,8.3983,8.969,0.0,180.0,0.0,180.0,0.2676,352.7718,0.0,180.0,0.0,180.0
2023-09-24 05:00:00,11.9493,7.28,96.3333,96.6967,96.55,96.0333,95.6533,8.879,8.8087,8.8297,8.316,8.894,0.0,180.0,0.0,180.0,0.2866,348.3267,0.0,180.0,0.0,180.0
2023-09-24 05:30:00,11.9377,7.1465,96.2467,96.6367,96.5533,96.01,95.6367,8.7497,8.663,8.6757,8.1943,8.7483,0.0,180.0,0.0,180.0,0.0738,353.5666,0.0,180.0,0.0,180.0
2023-09-24 06:00:00,11.9283,6.9751,96.7467,97.18,97.1533,96.4767,96.24,8.7543,8.681,8.617,8.173,8.7387,0.0,180.0,0.0,180.0,0.3452,4.8741,0.0,180.0,0.0,180.0
2023-09-24 06:30:00,11.9223,7.2515,94.4067,94.28,95.7,93.8,93.5033,9.3393,9.307,9.212,8.8073,9.369,0.0,180.0,0.0,180.0,0.5821,0.1034,0.0,180.0,0.0,180.0
2023-09-24 07:00:00,11.9127,7.8437,92.6,92.7567,93.1833,92.08,91.7867,9.727,9.696,9.711,9.1923,9.735,0.0,180.0,0.0,180.0,0.4417,357.579,0.0,180.0,0.0,180.0
2023-09-24 07:30:00,12.1717,8.6387,88.6833,88.74,88.9633,87.7967,87.6133,10.6627,10.6243,10.8087,10.1923,10.7287,0.0,180.0,0.0,180.0,0.7631,358.1003,0.0,180.0,0.0,180.0
2023-09-24 08:00:00,12.8897,10.489,83.0267,83.4667,81.4493,82.45,82.6967,12.361,12.256,12.98,11.832,12.2953,0.0,180.0,0.0,180.0,0.6577,5.8984,0.0,180.0,0.0,180.0
2023-09-24 08:30:00,13.6937,12.7377,77.554,78.0547,75.5593,76.9853,77.256,13.8537,13.719,14.5913,13.324,13.7867,0.0,180.0,0.0,180.0,0.6546,26.4406,0.0,180.0,0.0,180.0
2023-09-24 09:00:00,13.619,14.979,72.1243,72.565,68.0787,71.5553,71.9873,15.238,15.0717,16.3383,14.6763,15.1177,0.0,180.0,0.0,180.0,0.7034,35.6546,0.0,180.0,0.0,180.0
2023-09-24 09:30:00,13.5237,16.8817,69.9483,70.2463,66.4757,69.3313,69.7677,15.852,15.7127,16.7313,15.301,15.7327,0.0,180.0,0.0,180.0,1.0802,52.239,0.0,180.0,0.0,180.0
2023-09-24 10:00:00,13.4717,18.574,68.0433,68.2573,65.193,67.4583,67.863,16.8167,16.6883,17.556,16.276,16.69,0.0,180.0,0.0,180.0,1.0325,35.4625,0.0,180.0,0.0,180.0
2023-09-24 10:30:00,13.11,20.1803,64.1583,64.3623,61.7563,63.507,63.94,17.446,17.2983,18.0767,16.9083,17.3203,0.0,180.0,0.0,180.0,0.9743,32.7296,0.0,180.0,0.0,180.0
2023-09-24 11:00:00,13.2727,21.6067,59.5727,59.6323,57.2967,58.8513,59.357,18.006,17.8717,18.6413,17.466,17.886,0.0,180.0,0.0,180.0,1.286,55.755,0.0,180.0,0.0,180.0
2023-09-24 11:30:00,13.455,22.4837,58.7807,58.8797,56.361,58.1433,58.5923,18.347,18.196,19.0577,17.7983,18.245,0.0,180.0,0.0,180.0,0.8831,53.0903,0.0,180.0,0.0,180.0
2023-09-24 12:00:00,13.45,22.6373,56.719,56.7477,55.1703,56.0257,56.4843,18.4563,18.324,18.9373,17.9233,18.384,0.0,180.0,0.0,180.0,1.3223,57.0903,0.0,180.0,0.0,180.0
2023-09-24 12:30:00,13.5313,22.994,55.652,55.6467,54.019,54.9773,55.4093,18.9817,18.8333,19.482,18.4193,18.87,0.0,180.0,0.0,180.0,1.3088,27.8962,0.0,180.0,0.0,180.0
2023-09-24 13:00:00,13.529,23.4373,54.3443,54.346,52.6423,53.6337,54.0913,19.2267,19.07,19.7677,18.6667,19.121,0.0,180.0,0.0,180.0,1.2407,36.6497,0.0,180.0,0.0,180.0
2023-09-24 13:30:00,13.5147,23.754,53.8753,53.8163,51.9313,53.194,53.5173,19.473,19.332,20.0793,18.91,19.3777,0.0,180.0,0.0,180.0,1.0771,39.2946,0.0,180.0,0.0,180.0
2023-09-24 14:00:00,13.5407,24.0093,53.0357,53.1073,50.5747,52.3537,52.7727,19.7497,19.5707,20.5703,19.1967,19.6343,0.0,180.0,0.0,180.0,1.0207,35.4931,0.0,180.0,0.0,180.0
2023-09-24 14:30:00,13.573,24.2837,53.476,53.5303,51.4823,52.855,53.2457,19.7293,19.556,20.3453,19.1477,19.5803,0.0,180.0,0.0,180.0,1.2492,19.8711,0.0,180.0,0.0,180.0
2023-09-24 15:00:00,13.6173,24.743,52.938,52.8963,50.2713,52.287,52.602,19.771,19.618,20.665,19.202,19.6743,0.0,180.0,0.0,180.0,1.0122,32.7598,0.0,180.0,0.0,180.0
2023-09-24 15:30:00,13.37,25.156,52.3973,52.3343,49.9493,51.73,52.1567,19.5813,19.4323,20.399,19.0067,19.4577,0.0,180.0,0.0,180.0,1.0996,23.5183,0.0,180.0,0.0,180.0
2023-09-24 16:00:00,12.8483,24.057,53.051,52.939,51.2467,52.3117,52.697,19.116,19.011,19.699,18.5517,19.0623,0.0,180.0,0.0,180.0,1.1118,28.0228,0.0,180.0,0.0,180.0
2023-09-24 16:30:00,12.7743,21.598,55.4597,55.2443,54.7203,54.751,55.107,18.5893,18.515,18.7403,18.0287,18.5583,0.0,180.0,0.0,180.0,0.6359,23.5051,0.0,180.0,0.0,180.0
2023-09-24 17:00:00,12.7163,19.573,58.1477,57.9947,57.5067,57.4953,57.861,17.9633,17.877,18.0857,17.3907,17.9077,0.0,180.0,0.0,180.0,0.6015,20.3688,0.0,180.0,0.0,180.0
2023-09-24 17:30:00,12.6627,17.8263,62.9623,62.8177,62.402,62.2803,62.5417,16.8893,16.8187,16.9907,16.34,16.8503,0.0,180.0,0.0,180.0,0.3204,24.2679,0.0,180.0,0.0,180.0
2023-09-24 18:00:00,12.6177,16.143,68.364,68.3223,67.7733,67.809,67.9453,15.9887,15.9083,16.037,15.4087,15.949,0.0,180.0,0.0,180.0,0.3404,24.9429,0.0,180.0,0.0,180.0
2023-09-24 18:30:00,12.5813,14.6943,72.0563,71.9533,72.1853,71.5297,71.7257,15.3293,15.2787,15.221,14.7387,15.2797,0.0,180.0,0.0,180.0,0.1886,6.0864,0.0,180.0,0.0,180.0
2023-09-24 19:00:00,12.5493,13.5527,75.9027,75.9447,76.3883,75.3657,75.587,14.6587,14.587,14.4797,14.1017,14.626,0.0,180.0,0.0,180.0,0.1056,358.1756,0.0,180.0,0.0,180.0
2023-09-24 19:30:00,12.5203,12.691,76.2447,76.185,78.0197,75.712,75.72,14.4757,14.4333,14.052,13.9203,14.4907,0.0,180.0,0.0,180.0,0.2067,4.7417,0.0,180.0,0.0,180.0
2023-09-24 20:00:00,12.4923,12.326,74.6233,74.6613,75.5087,74.103,74.137,14.7507,14.6903,14.513,14.1877,14.7583,0.0,180.0,0.0,180.0,0.5501,10.0637,0.0,180.0,0.0,180.0
2023-09-24 20:30:00,12.466,12.2583,75.814,75.901,75.6843,75.3207,75.361,14.4493,14.376,14.4413,13.8897,14.446,0.0,180.0,0.0,180.0,0.6011,3.6538,0.0,180.0,0.0,180.0
2023-09-24 21:00:00,12.4393,12.1603,77.5577,77.6433,77.5747,77.1157,77.164,14.0043,13.9433,13.982,13.4243,13.9753,0.0,180.0,0.0,180.0,0.5695,6.9736,0.0,180.0,0.0,180.0
2023-09-24 21:30:00,12.417,12.0243,77.176,77.2813,77.3843,76.6953,76.677,13.896,13.824,13.82,13.3237,13.8863,0.0,180.0,0.0,180.0,0.8284,6.7201,0.0,180.0,0.0,180.0
2023-09-24 22:00:00,12.397,12.021,77.716,77.8443,77.396,77.2963,77.3033,13.646,13.579,13.6797,13.0733,13.611,0.0,180.0,0.0,180.0,0.6725,13.8166,0.0,180.0,0.0,180.0
2023-09-24 22:30:00,12.3763,11.864,78.9723,79.1257,79.052,78.5463,78.5597,13.2893,13.2217,13.263,12.7377,13.263,0.0,180.0,0.0,180.0,0.7311,15.348,0.0,180.0,0.0,180.0
2023-09-24 23:00:00,12.3577,11.634,79.439,79.582,79.4747,78.9837,78.9213,13.0937,13.0197,13.0733,12.5313,13.0773,0.0,180.0,0.0,180.0,0.8663,12.8828,0.0,180.0,0.0,180.0
2023-09-24 23:30:00,12.339,11.5737,79.0677,79.221,79.02,78.6347,78.573,13.156,13.0873,13.139,12.589,13.137,0.0,180.0,0.0,180.0,1.1867,9.52,0.0,180.0,0.0,180.0
2023-09-25 00:00:00,12.3223,11.607,80.035,80.1983,79.881,79.5867,79.5047,13.038,12.9567,13.05,12.463,13.0157,0.0,180.0,0.0,180.0,1.1531,16.2448,0.0,180.0,0.0,180.0
2023-09-25 00:30:00,12.3067,11.584,79.9737,80.1297,79.999,79.5657,79.516,12.9223,12.8607,12.897,12.3457,12.8867,0.0,180.0,0.0,180.0,0.929,17.5083,0.0,180.0,0.0,180.0
2023-09-25 01:00:00,12.2887,11.4467,80.082,80.225,80.0603,79.6283,79.5503,12.7543,12.683,12.7233,12.1693,12.735,0.0,180.0,0.0,180.0,0.8175,11.4018,0.0,180.0,0.0,180.0
2023-09-25 01:30:00,12.273,11.36,79.6633,79.8207,79.5497,79.221,79.1687,12.6433,12.5923,12.6363,12.0583,12.617,0.0,180.0,0.0,180.0,1.2958,11.8507,0.0,180.0,0.0,180.0
2023-09-25 02:00:00,12.2563,11.3403,79.4927,79.6747,79.2997,79.0527,79.001,12.491,12.399,12.498,11.9027,12.4607,0.0,180.0,0.0,180.0,1.4369,5.0944,0.0,180.0,0.0,180.0
2023-09-25 02:30:00,12.2407,11.265,79.8313,80.035,79.6003,79.4083,79.372,12.2367,12.1513,12.258,11.6507,12.213,0.0,180.0,0.0,180.0,1.3049,11.8963,0.0,180.0,0.0,180.0
2023-09-25 03:00:00,12.2233,11.1173,80.4957,80.662,80.2327,80.1143,80.0677,11.982,11.893,12.011,11.3947,11.954,0.0,180.0,0.0,180.0,1.0355,5.9134,0.0,180.0,0.0,180.0
2023-09-25 03:30:00,12.2083,10.8973,80.5483,80.6837,80.6473,80.1643,80.0893,11.803,11.7497,11.772,11.2193,11.7913,0.0,180.0,0.0,180.0,0.8219,17.2912,0.0,180.0,0.0,180.0
2023-09-25 04:00:00,12.189,10.7493,79.2403,79.3837,79.3093,78.8237,78.7853,11.8797,11.8073,11.8237,11.2917,11.8563,0.0,180.0,0.0,180.0,1.0817,9.7022,0.0,180.0,0.0,180.0
2023-09-25 04:30:00,12.1727,10.6863,78.5023,78.6563,78.4197,78.072,78.008,11.9117,11.8217,11.897,11.327,11.8977,0.0,180.0,0.0,180.0,1.2381,15.0093,0.0,180.0,0.0,180.0
2023-09-25 05:00:00,12.1563,10.6657,78.483,78.6193,78.5257,78.061,78.0167,11.9047,11.813,11.84,11.3123,11.8757,0.0,180.0,0.0,180.0,0.8931,24.4091,0.0,180.0,0.0,180.0
2023-09-25 05:30:00,12.1373,10.6453,79.0,79.1623,78.936,78.587,78.5627,11.8473,11.77,11.8213,11.2597,11.8237,0.0,180.0,0.0,180.0,0.8034,14.5062,0.0,180.0,0.0,180.0
2023-09-25 06:00:00,12.128,10.614,79.1663,79.3377,79.1597,78.739,78.6777,11.8143,11.7357,11.7873,11.2317,11.8063,0.0,180.0,0.0,180.0,0.8853,13.0809,0.0,180.0,0.0,180.0
2023-09-25 06:30:00,12.1547,10.771,78.413,78.5343,78.3777,77.964,77.9193,12.0513,11.9627,12.023,11.4687,12.036,0.0,180.0,0.0,180.0,0.7831,10.5217,0.0,180.0,0.0,180.0
2023-09-25 07:00:00,12.2207,11.2047,76.7263,76.8587,76.515,76.2347,76.208,12.5893,12.5127,12.5993,12.0127,12.5717,0.0,180.0,0.0,180.0,0.8803,10.246,0.0,180.0,0.0,180.0
2023-09-25 07:30:00,12.4487,12.0253,74.7937,74.941,74.1577,74.267,74.2523,13.3557,13.2787,13.47,12.7963,13.339,0.0,180.0,0.0,180.0,0.6453,8.7671,0.0,180.0,0.0,180.0
2023-09-25 08:00:00,12.8103,13.4107,71.4473,71.693,69.6937,70.857,71.03,14.6573,14.544,15.064,14.102,14.6307,0.0,180.0,0.0,180.0,0.5103,17.6229,0.0,180.0,0.0,180.0
2023-09-25 08:30:00,12.9953,15.118,67.973,68.1127,65.8933,67.3517,67.609,15.2857,15.1923,15.7967,14.7297,15.2413,0.0,180.0,0.0,180.0,0.804,36.1864,0.0,180.0,0.0,180.0
2023-09-25 09:00:00,13.6007,16.3997,66.8013,66.9403,65.2097,66.208,66.4953,15.9983,15.893,16.3753,15.4263,15.9137,0.0,180.0,0.0,180.0,0.8724,27.2323,0.0,180.0,0.0,180.0
2023-09-25 09:30:00,13.636,17.9067,65.4587,65.5897,62.8447,64.8503,65.2457,16.6823,16.554,17.347,16.124,16.5653,0.0,180.0,0.0,180.0,0.9147,35.0163,0.0,180.0,0.0,180.0
2023-09-25 10:00:00,13.5867,19.1463,64.7143,64.8357,62.681,64.1067,64.4397,17.125,16.9933,17.644,16.5623,17.0143,0.0,180.0,0.0,180.0,0.9802,34.9358,0.0,180.0,0.0,180.0
2023-09-25 10:30:00,13.447,20.2273,63.0717,63.185,60.6203,62.4637,62.8473,17.8987,17.7553,18.5467,17.3413,17.7873,0.0,180.0,0.0,180.0,0.9332,42.7693,0.0,180.0,0.0,180.0
2023-09-25 11:00:00,13.4787,21.5023,61.3297,61.4887,58.7403,60.652,61.042,18.715,18.5703,19.4287,18.1477,18.5883,0.0,180.0,0.0,180.0,0.9702,39.4763,0.0,180.0,0.0,180.0
2023-09-25 11:30:00,13.4293,22.9207,59.913,60.0273,57.3773,59.2947,59.646,19.3747,19.2197,20.0893,18.7897,19.234,0.0,180.0,0.0,180.0,1.0107,24.3203,0.0,180.0,0.0,180.0
2023-09-25 12:00:00,13.4893,23.862,59.0713,59.123,56.5907,58.418,58.713,19.8223,19.691,20.5377,19.251,19.7133,0.0,180.0,0.0,180.0,0.8535,42.374,0.0,180.0,0.0,180.0
2023-09-25 12:30:00,13.484,24.5897,58.5327,58.6457,55.932,57.9167,58.2863,20.189,20.0213,20.9243,19.616,20.0403,0.0,180.0,0.0,180.0,0.725,52.4561,0.0,180.0,0.0,180.0
2023-09-25 13:00:00,13.4907,24.9153,59.1663,59.189,57.1513,58.526,58.9167,20.2103,20.0717,20.806,19.642,20.0927,0.0,180.0,0.0,180.0,0.9878,19.518,0.0,180.0,0.0,180.0
2023-09-25 13:30:00,13.4917,24.9863,57.748,57.8593,55.382,57.1777,57.3937,21.1793,21.0043,21.8837,20.5927,21.0807,0.0,180.0,0.0,180.0,0.737,34.1998,0.0,180.0,0.0,180.0
2023-09-25 14:00:00,13.4977,25.6847,56.7793,56.8507,53.7257,56.1653,56.4763,21.337,21.163,22.316,20.762,21.2337,0.0,180.0,0.0,180.0,0.8641,24.9844,0.0,180.0,0.0,180.0
2023-09-25 14:30:00,13.3027,25.9157,57.76,57.82,54.9573,57.171,57.5417,20.9927,20.8413,21.8417,20.4163,20.8897,0.0,180.0,0.0,180.0,0.4584,44.1455,0.0,180.0,0.0,180.0
2023-09-25 15:00:00,13.2367,25.3113,59.571,59.568,57.473,58.9853,59.2247,20.7163,20.5917,21.3007,20.128,20.6303,0.0,180.0,0.0,180.0,0.4994,36.8883,0.0,180.0,0.0,180.0
2023-09-25 15:30:00,13.141,24.748,59.596,59.6227,57.235,58.9467,59.25,20.8123,20.6813,21.4523,20.2403,20.7263,0.0,180.0,0.0,180.0,0.4075,28.0876,0.0,180.0,0.0,180.0
2023-09-25 16:00:00,12.9743,24.0277,61.7477,61.6633,59.5163,61.0707,61.4003,20.5453,20.451,21.1173,19.984,20.4727,0.0,180.0,0.0,180.0,0.4382,36.0466,0.0,180.0,0.0,180.0
2023-09-25 16:30:00,12.861,23.041,62.369,62.347,60.6523,61.737,62.0503,20.1883,20.0867,20.605,19.6213,20.1137,0.0,180.0,0.0,180.0,0.1808,23.0028,0.0,180.0,0.0,180.0
2023-09-25 17:00:00,12.7577,22.0247,70.7013,70.7233,67.4893,70.2493,70.5583,19.4263,19.3353,20.1147,18.8377,19.3373,0.0,180.0,0.0,180.0,0.0446,123.1209,0.0,180.0,0.0,180.0
2023-09-25 17:30:00,12.686,20.9193,72.8347,72.8387,71.156,72.3,72.4343,18.911,18.836,19.225,18.3347,18.8623,0.0,180.0,0.0,180.0,0.1322,117.5175,0.0,180.0,0.0,180.0
2023-09-25 18:00:00,12.6447,19.8603,75.828,75.89,74.2713,75.2543,75.358,18.2867,18.2077,18.559,17.7363,18.259,0.0,180.0,0.0,180.0,0.0497,59.6693,0.0,180.0,0.0,180.0
2023-09-25 18:30:00,12.6103,18.9633,78.7793,78.9373,77.507,78.2293,78.316,17.8423,17.7653,18.0577,17.294,17.8043,0.0,180.0,0.0,180.0,0.0187,22.0507,0.0,180.0,0.0,180.0
2023-09-25 19:00:00,12.5773,18.2343,80.298,80.469,79.6943,79.7293,79.793,17.518,17.4463,17.61,16.975,17.476,0.0,180.0,0.0,180.0,0.0179,28.1573,0.0,180.0,0.0,180.0
2023-09-25 19:30:00,12.5483,17.6897,85.3333,85.6667,84.1433,84.94,84.9167,17.1723,17.0803,17.3283,16.6053,17.106,0.0,180.0,0.0,180.0,0.0342,134.7462,0.0,180.0,0.0,180.0
2023-09-25 20:00:00,12.5227,17.167,87.2067,87.54,85.9267,86.89,86.9233,16.6043,16.5167,16.8243,16.0383,16.5223,0.0,180.0,0.0,180.0,0.0664,38.2611,0.0,180.0,0.0,180.0
2023-09-25 20:30:00,12.499,16.312,91.9067,92.4467,90.6033,91.7933,91.7867,15.791,15.6793,15.9293,15.187,15.6743,0.0,180.0,0.0,180.0,0.0152,77.5223,0.0,180.0,0.0,180.0
2023-09-25 21:00:00,12.4737,15.304,94.5933,95.2233,93.8667,94.54,94.5033,15.11,14.9943,15.1297,14.5127,15.0123,0.0,180.0,0.0,180.0,0.0113,77.7844,0.0,180.0,0.0,180.0
2023-09-25 21:30:00,12.4523,14.682,95.5733,96.1333,95.6467,95.43,95.2767,15.0623,14.9517,14.902,14.4807,14.9867,0.0,180.0,0.0,180.0,0.0409,128.842,0.0,180.0,0.0,180.0
2023-09-25 22:00:00,12.4337,14.3727,95.93,96.4633,96.2267,95.7167,95.5967,14.996,14.9127,14.8027,14.437,14.9377,0.0,180.0,0.0,180.0,0.0218,20.9035,0.0,180.0,0.0,180.0
2023-09-25 22:30:00,12.4183,13.9853,96.3233,97.0633,96.5233,96.2933,96.1767,14.607,14.511,14.543,14.042,14.53,0.0,180.0,0.0,180.0,0.0126,34.8557,0.0,180.0,0.0,180.0
2023-09-25 23:00:00,12.396,13.4313,97.4267,98.1933,97.1767,97.4567,97.1533,14.1503,14.041,14.1093,13.549,14.059,0.0,180.0,0.0,180.0,0.0144,106.896,0.0,180.0,0.0,180.0
2023-09-25 23:30:00,12.38,12.892,97.7,98.5267,97.4633,97.8267,97.5267,13.7253,13.6207,13.5927,13.159,13.623,0.0,180.0,0.0,180.0,0.0113,88.5239,0.0,180.0,0.0,180.0
2023-09-26 00:00:00,12.362,12.3713,98.0033,98.65,98.0333,97.8633,97.69,13.474,13.3973,13.3743,12.9283,13.4317,0.0,180.0,0.0,180.0,0.1108,306.5409,0.0,180.0,0.0,180.0
2023-09-26 00:30:00,12.3437,12.0773,97.42,97.7733,98.0933,97.0433,96.9833,13.5313,13.4547,13.4037,13.0197,13.5153,0.0,180.0,0.0,180.0,0.0777,327.3762,0.0,180.0,0.0,180.0
2023-09-26 01:00:00,12.3297,11.9617,94.5767,94.11,97.3,93.5933,93.5833,13.7743,13.795,13.5003,13.312,13.8303,0.0,180.0,0.0,180.0,0.2295,1.8302,0.0,180.0,0.0,180.0
2023-09-26 01:30:00,12.3133,12.0933,91.18,90.8533,93.99,90.1667,90.0,14.105,14.1147,13.7737,13.6237,14.177,0.0,180.0,0.0,180.0,0.3511,22.3805,0.0,180.0,0.0,180.0
2023-09-26 02:00:00,12.3,12.4863,88.1633,88.34,89.4833,87.61,87.4533,14.505,14.4597,14.2763,13.973,14.528,0.0,180.0,0.0,180.0,0.189,32.7801,0.0,180.0,0.0,180.0
2023-09-26 02:30:00,12.285,12.8567,89.9533,90.29,90.46,89.57,89.47,14.2993,14.226,14.196,13.749,14.276,0.0,180.0,0.0,180.0,0.0338,8.2316,0.0,180.0,0.0,180.0
2023-09-26 03:00:00,12.272,12.965,88.7533,89.06,89.1633,88.3667,88.2,14.1463,14.0593,14.0723,13.59,14.1267,0.0,180.0,0.0,180.0,0.4504,11.9994,0.0,180.0,0.0,180.0
2023-09-26 03:30:00,12.2583,12.7463,88.51,88.91,88.32,88.2333,88.01,13.8433,13.7447,13.853,13.2607,13.8147,0.0,180.0,0.0,180.0,0.4523,15.0221,0.0,180.0,0.0,180.0
2023-09-26 04:00:00,12.2443,12.4307,89.1,89.3733,89.12,88.8,88.6367,13.443,13.3607,13.416,12.8817,13.4043,0.0,180.0,0.0,180.0,0.4676,10.1466,0.0,180.0,0.0,180.0
2023-09-26 04:30:00,12.228,12.2487,87.59,87.8167,87.85,87.2333,87.1267,13.5077,13.4263,13.4393,12.934,13.4767,0.0,180.0,0.0,180.0,0.3582,2.3408,0.0,180.0,0.0,180.0
2023-09-26 05:00:00,12.214,12.0927,88.5367,88.8133,88.5467,88.22,88.0833,13.2643,13.1833,13.2413,12.7057,13.225,0.0,180.0,0.0,180.0,0.3186,7.4573,0.0,180.0,0.0,180.0
2023-09-26 05:30:00,12.198,11.978,88.2633,88.65,88.29,87.9667,87.83,13.3323,13.241,13.2977,12.7607,13.2923,0.0,180.0,0.0,180.0,0.3171,26.3138,0.0,180.0,0.0,180.0
2023-09-26 06:00:00,12.193,11.9243,89.6133,89.9667,89.76,89.25,88.9333,13.1797,13.092,13.1487,12.6177,13.1663,0.0,180.0,0.0,180.0,0.3001,40.8365,0.0,180.0,0.0,180.0
2023-09-26 06:30:00,12.2213,12.0327,87.8733,88.2067,88.1,87.51,87.38,13.4607,13.377,13.4387,12.9,13.4403,0.0,180.0,0.0,180.0,0.3916,11.1329,0.0,180.0,0.0,180.0
2023-09-26 07:00:00,12.359,12.5,84.8767,85.12,84.97,84.4867,84.34,14.136,14.0567,14.151,13.5757,14.1283,0.0,180.0,0.0,180.0,0.5081,9.0886,0.0,180.0,0.0,180.0
2023-09-26 07:30:00,12.43,13.303,82.9967,83.2533,82.5333,82.6,82.52,14.6287,14.56,14.763,14.0693,14.6247,0.0,180.0,0.0,180.0,0.8513,14.537,0.0,180.0,0.0,180.0
2023-09-26 08:00:00,12.5303,14.155,82.6967,82.9967,81.9133,82.3033,82.27,14.976,14.8813,15.1657,14.408,14.9593,0.0,180.0,0.0,180.0,0.8482,13.6411,0.0,180.0,0.0,180.0
2023-09-26 08:30:00,12.9607,15.0857,80.8953,81.222,79.6423,80.53,80.425,15.6783,15.5767,15.9423,15.0973,15.638,0.0,180.0,0.0,180.0,0.5649,11.2844,0.0,180.0,0.0,180.0
2023-09-26 09:00:00,13.256,16.5717,78.5053,78.7593,76.9277,78.0297,78.0513,16.3887,16.293,16.74,15.8283,16.3287,0.0,180.0,0.0,180.0,1.1161,13.2225,0.0,180.0,0.0,180.0
2023-09-26 09:30:00,13.6373,18.0277,75.7,75.9763,73.798,75.3057,75.3663,17.4323,17.306,17.871,16.851,17.3567,0.0,180.0,0.0,180.0,0.7772,16.5407,0.0,180.0,0.0,180.0
2023-09-26 10:00:00,13.3343,19.5027,72.2493,72.4417,70.463,71.811,72.0157,17.914,17.8113,18.34,17.3367,17.8383,0.0,180.0,0.0,180.0,0.9397,11.5559,0.0,180.0,0.0,180.0
2023-09-26 10:30:00,13.3787,20.2483,72.284,72.5107,69.8547,71.7653,71.8857,18.2747,18.1567,18.831,17.7093,18.2177,0.0,180.0,0.0,180.0,0.5233,29.7203,0.0,180.0,0.0,180.0
2023-09-26 11:00:00,13.6003,20.9837,70.5113,70.7223,68.7423,70.0237,70.1813,18.8213,18.6973,19.2693,18.2423,18.747,0.0,180.0,0.0,180.0,1.0122,8.9354,0.0,180.0,0.0,180.0
2023-09-26 11:30:00,13.5367,22.15,67.5853,67.81,65.3943,67.1747,67.35,20.0257,19.856,20.5787,19.4277,19.873,0.0,180.0,0.0,180.0,0.8735,5.6008,0.0,180.0,0.0,180.0
2023-09-26 12:00:00,13.4827,23.786,65.6983,65.9623,63.0443,65.2257,65.509,20.698,20.5353,21.4207,20.1093,20.5417,0.0,180.0,0.0,180.0,0.7245,12.9482,0.0,180.0,0.0,180.0
2023-09-26 12:30:00,13.4587,25.102,62.9333,63.017,60.7287,62.3907,62.7523,21.164,21.021,21.7903,20.585,21.0353,0.0,180.0,0.0,180.0,1.0686,14.9194,0.0,180.0,0.0,180.0
2023-09-26 13:00:00,13.3047,25.6283,61.3717,61.399,59.213,60.7927,61.1477,21.055,20.9317,21.6693,20.4883,20.9567,0.0,180.0,0.0,180.0,0.7596,23.5046,0.0,180.0,0.0,180.0
2023-09-26 13:30:00,13.4573,25.2527,61.4933,61.491,59.7513,60.8847,61.2077,20.9967,20.8853,21.4773,20.437,20.9267,0.0,180.0,0.0,180.0,0.8607,16.1123,0.0,180.0,0.0,180.0
2023-09-26 14:00:00,13.531,25.0227,61.8203,61.8453,59.403,61.1883,61.432,21.1633,21.0363,21.8527,20.6013,21.1067,0.0,180.0,0.0,180.0,0.8526,19.1314,0.0,180.0,0.0,180.0
2023-09-26 14:30:00,13.5237,25.3497,61.107,61.136,58.6137,60.5173,60.77,21.3617,21.2277,22.0793,20.7877,21.2747,0.0,180.0,0.0,180.0,0.9384,18.6772,0.0,180.0,0.0,180.0
2023-09-26 15:00:00,13.409,25.3347,60.811,60.7873,58.9563,60.139,60.4403,21.061,20.957,21.6,20.512,21.0033,0.0,180.0,0.0,180.0,1.0665,18.1372,0.0,180.0,0.0,180.0
2023-09-26 15:30:00,13.1567,24.7677,63.2063,63.1773,61.3993,62.5963,62.873,20.807,20.716,21.292,20.2607,20.7427,0.0,180.0,0.0,180.0,0.9702,15.2576,0.0,180.0,0.0,180.0
2023-09-26 16:00:00,13.017,23.87,66.2207,66.2493,64.3377,65.6067,65.764,20.5797,20.4757,21.029,20.0297,20.519,0.0,180.0,0.0,180.0,0.7509,26.5774,0.0,180.0,0.0,180.0
2023-09-26 16:30:00,12.884,22.7087,68.8993,68.9133,67.561,68.3007,68.5137,20.0277,19.95,20.3413,19.471,19.9637,0.0,180.0,0.0,180.0,0.7245,18.5725,0.0,180.0,0.0,180.0
2023-09-26 17:00:00,12.789,21.408,72.0147,72.057,70.671,71.5057,71.714,19.4867,19.4163,19.7497,18.916,19.417,0.0,180.0,0.0,180.0,0.3652,38.6727,0.0,180.0,0.0,180.0
2023-09-26 17:30:00,12.698,20.0633,77.2377,77.4083,75.5317,76.7327,76.883,18.5147,18.429,18.8347,17.946,18.445,0.0,180.0,0.0,180.0,0.0723,53.1567,0.0,180.0,0.0,180.0
2023-09-26 18:00:00,12.6493,18.529,79.3823,79.4427,79.833,78.856,79.026,17.928,17.8607,17.8003,17.3793,17.8803,0.0,180.0,0.0,180.0,0.1045,34.1859,0.0,180.0,0.0,180.0
2023-09-26 18:30:00,12.6107,17.1867,83.481,83.6203,83.295,83.072,83.21,17.1423,17.073,17.085,16.583,17.0543,0.0,180.0,0.0,180.0,0.0462,55.0434,0.0,180.0,0.0,180.0
2023-09-26 19:00:00,12.5777,16.152,84.64,84.86,85.8767,84.05,84.2333,16.7697,16.6917,16.487,16.2413,16.7027,0.0,180.0,0.0,180.0,0.0431,5.2212,0.0,180.0,0.0,180.0
2023-09-26 19:30:00,12.549,15.3723,84.2033,84.3133,85.1367,83.52,83.5067,16.653,16.6067,16.426,16.141,16.666,0.0,180.0,0.0,180.0,0.1281,344.0897,0.0,180.0,0.0,180.0
2023-09-26 20:00:00,12.5237,14.7717,83.9467,84.07,84.46,83.31,83.34,16.5237,16.4697,16.3613,16.0007,16.5033,0.0,180.0,0.0,180.0,0.0984,4.7647,0.0,180.0,0.0,180.0
2023-09-26 20:30:00,12.5,14.349,87.71,88.0133,88.3033,87.38,87.4033,15.9033,15.8267,15.7367,15.329,15.8343,0.0,180.0,0.0,180.0,0.0714,66.6358,0.0,180.0,0.0,180.0
2023-09-26 21:00:00,12.4793,14.0547,87.1833,87.3133,88.99,86.7367,86.55,15.944,15.889,15.5817,15.38,15.9177,0.0,180.0,0.0,180.0,0.1559,19.8672,0.0,180.0,0.0,180.0
2023-09-26 21:30:00,12.462,13.964,85.0067,85.2633,86.1733,84.4267,84.3333,16.2573,16.1857,16.0153,15.721,16.2413,0.0,180.0,0.0,180.0,0.1522,2.4478,0.0,180.0,0.0,180.0
2023-09-26 22:00:00,12.445,13.8447,85.7867,86.0133,86.3567,85.2867,85.23,16.0523,15.98,15.9007,15.5043,16.0187,0.0,180.0,0.0,180.0,0.243,5.178,0.0,180.0,0.0,180.0
2023-09-26 22:30:00,12.4273,13.6483,89.5533,90.04,89.2867,89.1967,89.1367,15.3627,15.24,15.345,14.7793,15.2997,0.0,180.0,0.0,180.0,0.0799,1.1585,0.0,180.0,0.0,180.0
2023-09-26 23:00:00,12.4133,13.319,92.9833,93.63,92.5167,92.7967,92.92,14.6127,14.5087,14.5457,14.071,14.5423,0.0,180.0,0.0,180.0,0.0122,355.258,0.0,180.0,0.0,180.0
2023-09-26 23:30:00,12.3957,12.9873,93.4,93.6767,95.4633,92.77,92.8667,14.6667,14.604,14.215,14.1607,14.656,0.0,180.0,0.0,180.0,0.0392,30.3769,0.0,180.0,0.0,180.0
2023-09-27 00:00:00,12.3807,13.081,91.65,91.93,94.1633,91.0733,90.9267,15.1727,15.1067,14.7677,14.6293,15.169,0.0,180.0,0.0,180.0,0.056,64.2169,0.0,180.0,0.0,180.0
2023-09-27 00:30:00,12.3667,13.1313,94.54,95.29,94.4233,94.4833,94.2167,14.6497,14.526,14.5913,14.0533,14.592,0.0,180.0,0.0,180.0,0.051,57.3299,0.0,180.0,0.0,180.0
2023-09-27 01:00:00,12.3523,12.8987,94.5767,94.94,95.0633,94.25,94.0533,14.4837,14.4073,14.3797,13.9377,14.4743,0.0,180.0,0.0,180.0,0.1043,12.5014,0.0,180.0,0.0,180.0
2023-09-27 01:30:00,12.337,12.5837,96.1533,97.0067,95.7533,96.2467,95.94,13.908,13.7773,13.862,13.3113,13.811,0.0,180.0,0.0,180.0,0.0157,37.3025,0.0,180.0,0.0,180.0
2023-09-27 02:00:00,12.3227,12.208,97.4733,98.3767,96.9367,97.5967,97.2533,13.498,13.387,13.3243,12.895,13.4107,0.0,180.0,0.0,180.0,0.029,107.8962,0.0,180.0,0.0,180.0
2023-09-27 02:30:00,12.3063,11.9073,98.07,98.88,97.8933,98.0533,97.75,13.5203,13.43,13.3337,12.9217,13.458,0.0,180.0,0.0,180.0,0.0324,87.0172,0.0,180.0,0.0,180.0
2023-09-27 03:00:00,12.292,11.7187,98.2567,99.05,98.1767,98.2767,97.9467,13.359,13.2513,13.2067,12.7717,13.2857,0.0,180.0,0.0,180.0,0.02,108.705,0.0,180.0,0.0,180.0
2023-09-27 03:30:00,12.2783,11.5493,98.3067,98.9833,98.3033,98.2633,97.93,13.006,12.9133,12.94,12.426,12.929,0.0,180.0,0.0,180.0,0.0725,16.66,0.0,180.0,0.0,180.0
2023-09-27 04:00:00,12.2623,11.3577,98.4633,99.2867,98.3967,98.5633,98.2533,12.727,12.624,12.5743,12.1293,12.6477,0.0,180.0,0.0,180.0,0.0189,46.8621,0.0,180.0,0.0,180.0
2023-09-27 04:30:00,12.2497,11.1883,98.7433,99.5467,98.7667,98.8367,98.42,12.85,12.7417,12.6187,12.2747,12.7863,0.0,180.0,0.0,180.0,0.0185,47.3841,0.0,180.0,0.0,180.0
2023-09-27 05:00:00,12.2327,11.1303,98.76,99.5467,98.8967,98.8,98.4467,12.8683,12.7807,12.6773,12.2927,12.8043,0.0,180.0,0.0,180.0,0.0329,105.1421,0.0,180.0,0.0,180.0
2023-09-27 05:30:00,12.2183,11.178,98.93,99.66,98.9833,98.9133,98.5233,12.8767,12.787,12.7887,12.3,12.834,0.0,180.0,0.0,180.0,0.0893,54.7372,0.0,180.0,0.0,180.0
2023-09-27 06:00:00,12.213,11.3027,98.7667,99.3333,99.0567,98.3867,98.3467,13.186,13.1233,13.091,12.653,13.1583,0.0,180.0,0.0,180.0,0.3467,0.0565,0.0,180.0,0.0,180.0
2023-09-27 06:30:00,12.2363,11.7787,98.06,98.36,98.8967,97.64,97.6833,13.466,13.4087,13.3867,12.923,13.4433,0.0,180.0,0.0,180.0,0.1781,7.108,0.0,180.0,0.0,180.0
2023-09-27 07:00:00,12.3107,12.4027,96.86,96.6533,98.5633,96.2833,96.2333,13.8123,13.802,13.7467,13.3013,13.8263,0.0,180.0,0.0,180.0,0.3643,359.7044,0.0,180.0,0.0,180.0
2023-09-27 07:30:00,12.472,13.1273,95.0667,94.62,96.99,94.1567,93.81,14.2773,14.2867,14.2247,13.811,14.3577,0.0,180.0,0.0,180.0,0.4713,4.1609,0.0,180.0,0.0,180.0
2023-09-27 08:00:00,12.8233,14.1637,90.2233,90.1067,91.13,89.3133,89.0433,15.5493,15.5217,15.6423,15.0397,15.5813,0.0,180.0,0.0,180.0,0.389,7.7094,0.0,180.0,0.0,180.0
2023-09-27 08:30:00,13.584,15.7083,84.93,85.63,83.3483,84.5233,84.5767,17.025,16.8623,17.751,16.4447,16.907,0.0,180.0,0.0,180.0,0.3001,357.2674,0.0,180.0,0.0,180.0
2023-09-27 09:00:00,13.2883,17.7147,83.65,84.3367,78.8337,83.4033,83.48,17.851,17.6807,18.9747,17.253,17.735,0.0,180.0,0.0,180.0,0.512,12.5932,0.0,180.0,0.0,180.0
2023-09-27 09:30:00,13.0247,18.757,85.0633,85.47,83.31,84.7767,84.7867,17.954,17.8347,18.328,17.3753,17.8677,0.0,180.0,0.0,180.0,0.4965,320.168,0.0,180.0,0.0,180.0
2023-09-27 10:00:00,13.038,19.1957,83.15,83.49,81.409,82.7767,82.7067,18.5667,18.4637,18.9477,17.9977,18.524,0.0,180.0,0.0,180.0,0.1975,46.0327,0.0,180.0,0.0,180.0
2023-09-27 10:30:00,13.3987,19.894,79.9453,80.211,78.3247,79.517,79.477,19.3027,19.2097,19.6627,18.7287,19.2437,0.0,180.0,0.0,180.0,0.9144,17.9694,0.0,180.0,0.0,180.0
2023-09-27 11:00:00,13.337,20.8843,77.4553,77.7097,75.9187,77.064,77.185,20.0433,19.9297,20.4053,19.476,19.943,0.0,180.0,0.0,180.0,0.7132,0.6,0.0,180.0,0.0,180.0
2023-09-27 11:30:00,13.5947,22.3683,70.9207,71.145,69.4253,70.4607,70.493,21.336,21.2047,21.688,20.7507,21.242,0.0,180.0,0.0,180.0,1.0497,11.2535,0.0,180.0,0.0,180.0
2023-09-27 12:00:00,13.5017,24.3823,64.6337,64.7813,62.6577,64.0327,64.2997,22.0483,21.9043,22.601,21.48,21.9333,0.0,180.0,0.0,180.0,1.3311,14.2631,0.0,180.0,0.0,180.0
2023-09-27 12:30:00,13.48,25.8493,62.792,62.9403,60.5783,62.254,62.4983,22.5883,22.427,23.1947,21.9963,22.4443,0.0,180.0,0.0,180.0,1.0619,29.8129,0.0,180.0,0.0,180.0
2023-09-27 13:00:00,13.456,26.9167,61.5267,61.6673,59.092,61.006,61.2337,22.876,22.7237,23.6057,22.2763,22.7263,0.0,180.0,0.0,180.0,0.9715,15.6869,0.0,180.0,0.0,180.0
2023-09-27 13:30:00,13.456,27.7663,60.0937,60.18,57.765,59.5063,59.7853,23.1693,23.0177,23.8637,22.598,23.0277,0.0,180.0,0.0,180.0,1.1601,359.9624,0.0,180.0,0.0,180.0
2023-09-27 14:00:00,13.4847,27.966,60.3793,60.3747,58.3,59.7183,59.9993,23.151,23.0353,23.7763,22.596,23.032,0.0,180.0,0.0,180.0,1.1658,12.6333,0.0,180.0,0.0,180.0
2023-09-27 14:30:00,13.451,28.2833,60.761,60.819,58.2673,60.1557,60.541,22.9113,22.7703,23.668,22.3303,22.76,0.0,180.0,0.0,180.0,1.2999,7.442,0.0,180.0,0.0,180.0
2023-09-27 15:00:00,13.071,27.372,66.6337,66.6947,64.5603,66.0417,66.308,21.789,21.68,22.3193,21.2193,21.7003,0.0,180.0,0.0,180.0,0.688,26.0959,0.0,180.0,0.0,180.0
2023-09-27 15:30:00,12.9467,25.4927,69.9743,70.0703,68.2503,69.379,69.6133,21.3103,21.2193,21.6943,20.7483,21.2563,0.0,180.0,0.0,180.0,0.4009,16.2095,0.0,180.0,0.0,180.0
2023-09-27 16:00:00,12.8817,23.952,70.918,70.9913,69.4807,70.3807,70.5717,21.109,21.0223,21.4247,20.545,21.0613,0.0,180.0,0.0,180.0,0.3031,348.7216,0.0,180.0,0.0,180.0
2023-09-27 16:30:00,12.844,22.8413,72.743,72.7843,71.6567,72.2127,72.3707,20.885,20.791,21.108,20.3243,20.824,0.0,180.0,0.0,180.0,0.4371,2.3311,0.0,180.0,0.0,180.0
2023-09-27 17:00:00,12.7497,22.0123,73.6557,73.7283,72.7243,73.11,73.2877,20.6567,20.563,20.837,20.1003,20.5897,0.0,180.0,0.0,180.0,0.6207,10.5065,0.0,180.0,0.0,180.0
2023-09-27 17:30:00,12.654,21.0043,75.0633,75.133,74.4403,74.484,74.5393,20.157,20.0793,20.2577,19.5947,20.108,0.0,180.0,0.0,180.0,0.7106,13.4245,0.0,180.0,0.0,180.0
2023-09-27 18:00:00,12.6137,20.119,75.4023,75.4827,75.06,74.812,74.884,19.9227,19.8477,19.9837,19.3757,19.8827,0.0,180.0,0.0,180.0,0.8458,6.1664,0.0,180.0,0.0,180.0
2023-09-27 18:30:00,12.581,19.485,76.1003,76.184,75.8353,75.5887,75.708,19.5917,19.5323,19.6217,19.034,19.535,0.0,180.0,0.0,180.0,0.7167,10.2934,0.0,180.0,0.0,180.0
2023-09-27 19:00:00,12.5523,18.9267,76.8483,76.9357,76.7987,76.3033,76.3617,19.314,19.2317,19.2897,18.7533,19.266,0.0,180.0,0.0,180.0,0.5579,17.6808,0.0,180.0,0.0,180.0
2023-09-27 19:30:00,12.5293,18.519,77.0837,77.1913,77.0393,76.5533,76.6163,19.2317,19.1477,19.1983,18.662,19.184,0.0,180.0,0.0,180.0,0.563,10.4892,0.0,180.0,0.0,180.0
2023-09-27 20:00:00,12.5073,18.2753,76.502,76.5893,76.4843,75.9557,75.9963,19.152,19.0807,19.1167,18.5907,19.1217,0.0,180.0,0.0,180.0,0.683,3.2794,0.0,180.0,0.0,180.0
2023-09-27 20:30:00,12.4873,18.165,75.8073,75.854,75.7163,75.2413,75.2913,19.081,19.026,19.0697,18.5263,19.057,0.0,180.0,0.0,180.0,0.7365,2.1586,0.0,180.0,0.0,180.0
2023-09-27 21:00:00,12.472,18.1733,74.1163,74.1643,74.1413,73.5207,73.5883,19.2637,19.1923,19.226,18.7043,19.2297,0.0,180.0,0.0,180.0,0.9297,15.0145,0.0,180.0,0.0,180.0
2023-09-27 21:30:00,12.454,18.2797,74.9463,75.029,74.6653,74.38,74.4637,19.1523,19.086,19.1813,18.5927,19.1143,0.0,180.0,0.0,180.0,1.124,13.1124,0.0,180.0,0.0,180.0
2023-09-27 22:00:00,12.4383,18.3077,75.572,75.6377,75.429,75.0317,75.0997,19.036,18.97,19.0457,18.4723,19.0043,0.0,180.0,0.0,180.0,0.8794,17.925,0.0,180.0,0.0,180.0
2023-09-27 22:30:00,12.4243,18.2457,76.982,77.0767,76.759,76.4613,76.492,18.9173,18.8333,18.917,18.346,18.8773,0.0,180.0,0.0,180.0,0.4436,18.4341,0.0,180.0,0.0,180.0
2023-09-27 23:00:00,12.409,18.0463,77.671,77.7453,77.7413,77.113,77.1317,18.7963,18.7207,18.754,18.233,18.7703,0.0,180.0,0.0,180.0,0.5464,352.8882,0.0,180.0,0.0,180.0
2023-09-27 23:30:00,12.3963,17.857,75.331,75.36,75.454,74.696,74.696,19.1303,19.07,19.046,18.58,19.1257,0.0,180.0,0.0,180.0,0.6681,11.3002,0.0,180.0,0.0,180.0
2023-09-28 00:00:00,12.381,17.8567,74.0683,74.128,74.0517,73.4293,73.4957,19.3963,19.3237,19.3497,18.8467,19.3747,0.0,180.0,0.0,180.0,0.6218,11.1053,0.0,180.0,0.0,180.0
2023-09-28 00:30:00,12.366,17.7997,75.0093,75.027,74.9763,74.353,74.398,19.1473,19.0817,19.104,18.598,19.1303,0.0,180.0,0.0,180.0,0.5669,1.907,0.0,180.0,0.0,180.0
2023-09-28 01:00:00,12.352,17.544,76.308,76.3297,76.184,75.6877,75.738,18.8707,18.8117,18.852,18.322,18.851,0.0,180.0,0.0,180.0,0.5802,0.6149,0.0,180.0,0.0,180.0
2023-09-28 01:30:00,12.3367,17.1637,79.9497,80.0503,79.3373,79.3103,79.2857,18.188,18.1207,18.2663,17.6617,18.1997,0.0,180.0,0.0,180.0,0.365,352.7963,0.0,180.0,0.0,180.0
2023-09-28 02:00:00,12.3217,16.6077,82.2233,82.3133,82.2267,81.62,81.4833,17.785,17.7323,17.7427,17.2553,17.8203,0.0,180.0,0.0,180.0,0.4301,9.3932,0.0,180.0,0.0,180.0
2023-09-28 02:30:00,12.3077,16.2107,83.89,84.04,84.2967,83.3733,83.25,17.6027,17.546,17.4887,17.0647,17.6143,0.0,180.0,0.0,180.0,0.247,313.7511,0.0,180.0,0.0,180.0
2023-09-28 03:00:00,12.291,15.919,84.4467,84.57,85.4533,83.9367,83.7733,17.7117,17.642,17.491,17.1667,17.7143,0.0,180.0,0.0,180.0,0.4395,102.6198,0.0,180.0,0.0,180.0
2023-09-28 03:30:00,12.2753,15.8973,83.9067,84.0367,84.3667,83.4367,83.32,17.7617,17.71,17.6417,17.2113,17.7583,0.0,180.0,0.0,180.0,0.4262,51.8259,0.0,180.0,0.0,180.0
2023-09-28 04:00:00,12.2617,15.7713,86.96,87.2733,86.4267,86.63,86.5533,17.024,16.9453,17.0567,16.457,16.9693,0.0,180.0,0.0,180.0,0.1692,117.8014,0.0,180.0,0.0,180.0
2023-09-28 04:30:00,12.2463,15.23,90.8267,91.0667,90.74,90.46,90.24,16.195,16.1333,16.1343,15.633,16.167,0.0,180.0,0.0,180.0,0.2496,71.0807,0.0,180.0,0.0,180.0
2023-09-28 05:00:00,12.2313,14.856,85.9033,85.8867,87.23,85.44,85.19,16.577,16.5417,16.3333,16.0223,16.5683,0.0,180.0,0.0,180.0,0.6745,141.4142,0.0,180.0,0.0,180.0
2023-09-28 05:30:00,12.2183,14.846,84.19,84.3667,84.55,83.7633,83.6267,16.6243,16.5627,16.5487,16.0663,16.5913,0.0,180.0,0.0,180.0,0.6568,118.1024,0.0,180.0,0.0,180.0
2023-09-28 06:00:00,12.2093,14.861,82.2,82.3533,82.33,81.7733,81.69,16.2897,16.2263,16.2533,15.7237,16.249,0.0,180.0,0.0,180.0,0.6766,90.2465,0.0,180.0,0.0,180.0
2023-09-28 06:30:00,12.2267,14.8177,82.3067,82.4767,82.36,81.8433,81.75,16.0967,16.0427,16.0673,15.5417,16.0843,0.0,180.0,0.0,180.0,0.6827,50.0564,0.0,180.0,0.0,180.0
2023-09-28 07:00:00,12.2747,14.9987,81.4963,81.66,81.199,80.8713,80.7993,16.3267,16.2443,16.368,15.794,16.3113,0.0,180.0,0.0,180.0,0.7352,87.4852,0.0,180.0,0.0,180.0
2023-09-28 07:30:00,12.4307,15.699,80.6763,80.9133,79.6103,80.1067,80.1763,16.7607,16.6603,16.975,16.2317,16.7183,0.0,180.0,0.0,180.0,0.8374,32.5719,0.0,180.0,0.0,180.0
2023-09-28 08:00:00,12.48,16.5877,80.5883,80.8067,79.8607,80.124,80.1413,16.9327,16.8317,17.0913,16.376,16.8833,0.0,180.0,0.0,180.0,0.9541,42.8348,0.0,180.0,0.0,180.0
2023-09-28 08:30:00,12.6653,17.238,78.7157,78.9393,78.0523,78.202,78.2057,17.3923,17.3133,17.5163,16.8437,17.363,0.0,180.0,0.0,180.0,0.8635,56.5784,0.0,180.0,0.0,180.0
2023-09-28 09:00:00,12.975,18.152,76.351,76.618,74.812,75.809,75.9707,17.99,17.888,18.3227,17.4343,17.9323,0.0,180.0,0.0,180.0,0.7124,76.6966,0.0,180.0,0.0,180.0
2023-09-28 09:30:00,13.6037,19.2847,73.9937,74.3257,71.9967,73.2937,73.5783,18.576,18.4433,19.0397,18.0493,18.5177,0.0,180.0,0.0,180.0,0.973,144.9448,0.0,180.0,0.0,180.0
2023-09-28 10:00:00,13.578,20.561,72.0393,72.3367,69.585,71.375,71.678,18.8037,18.649,19.3763,18.258,18.713,0.0,180.0,0.0,180.0,0.8868,68.7169,0.0,180.0,0.0,180.0
2023-09-28 10:30:00,13.306,21.4477,72.2003,72.451,70.1837,71.6673,71.8837,18.763,18.628,19.2373,18.1993,18.6777,0.0,180.0,0.0,180.0,0.8576,40.7703,0.0,180.0,0.0,180.0
2023-09-28 11:00:00,13.202,21.657,72.5233,72.741,70.821,71.9757,72.1867,18.6987,18.5813,19.074,18.13,18.6193,0.0,180.0,0.0,180.0,0.953,63.0465,0.0,180.0,0.0,180.0
2023-09-28 11:30:00,13.175,21.527,71.6643,71.8937,70.0097,71.086,71.3133,18.8383,18.726,19.2167,18.2757,18.7723,0.0,180.0,0.0,180.0,0.848,83.9834,0.0,180.0,0.0,180.0
2023-09-28 12:00:00,13.354,21.3913,70.5207,70.687,69.173,69.915,70.104,18.9163,18.8083,19.2117,18.354,18.846,0.0,180.0,0.0,180.0,0.9789,49.9145,0.0,180.0,0.0,180.0
2023-09-28 12:30:00,13.4755,21.5568,66.9509,67.1473,65.3277,66.3141,66.5791,19.4473,19.3055,19.8455,18.8945,19.3777,0.0,180.0,0.0,180.0,0.9209,103.7483,0.0,180.0,0.0,180.0
2023-09-28 13:00:00,13.3223,21.742,66.7457,66.894,65.1873,66.1103,66.3843,19.2823,19.1573,19.655,18.7193,19.198,0.0,180.0,0.0,180.0,1.0434,94.5662,0.0,180.0,0.0,180.0
2023-09-28 13:30:00,13.0633,21.893,66.8953,67.0087,65.152,66.322,66.595,19.187,19.0623,19.6047,18.6147,19.0993,0.0,180.0,0.0,180.0,0.7685,82.3955,0.0,180.0,0.0,180.0
2023-09-28 14:00:00,12.9267,21.4347,65.708,65.7517,64.5377,65.0877,65.3063,18.975,18.8693,19.2353,18.4,18.9117,0.0,180.0,0.0,180.0,0.7566,44.1869,0.0,180.0,0.0,180.0
2023-09-28 14:30:00,13.0013,21.072,63.7107,63.782,62.5307,63.08,63.3783,19.1423,19.06,19.4063,18.5727,19.0777,0.0,180.0,0.0,180.0,0.7627,81.09,0.0,180.0,0.0,180.0
2023-09-28 15:00:00,13.0173,20.9223,64.5963,64.6633,63.2233,64.0233,64.2543,19.0057,18.8843,19.3223,18.416,18.9187,0.0,180.0,0.0,180.0,0.745,24.1338,0.0,180.0,0.0,180.0
2023-09-28 15:30:00,12.9953,20.769,66.1817,66.2547,64.9253,65.5943,65.8367,18.909,18.817,19.1953,18.3257,18.8393,0.0,180.0,0.0,180.0,0.7916,47.3199,0.0,180.0,0.0,180.0
2023-09-28 16:00:00,12.965,20.5837,67.3737,67.4857,65.81,66.8033,66.972,18.941,18.822,19.2813,18.3613,18.879,0.0,180.0,0.0,180.0,0.3861,67.678,0.0,180.0,0.0,180.0
2023-09-28 16:30:00,12.812,20.197,70.665,70.7647,68.5163,70.149,70.3327,18.195,18.0903,18.6853,17.62,18.1237,0.0,180.0,0.0,180.0,0.2374,5.2872,0.0,180.0,0.0,180.0
2023-09-28 17:00:00,12.7203,19.1277,78.3243,78.663,74.9197,77.9503,78.1083,16.9427,16.822,17.5593,16.3627,16.8327,0.0,180.0,0.0,180.0,0.0198,48.5563,0.0,180.0,0.0,180.0
2023-09-28 17:30:00,12.6383,17.7027,84.0267,84.3633,81.9577,83.7033,83.7733,15.9743,15.8597,16.338,15.3877,15.8667,0.0,180.0,0.0,180.0,0.0283,74.6134,0.0,180.0,0.0,180.0
2023-09-28 18:00:00,12.5807,16.033,90.0833,90.5733,89.0533,89.9167,89.8633,14.8707,14.7627,15.0043,14.299,14.7823,0.0,180.0,0.0,180.0,0.0111,70.8762,0.0,180.0,0.0,180.0
2023-09-28 18:30:00,12.5427,14.5343,91.6767,92.1533,92.6133,91.34,91.4833,14.3393,14.2433,14.134,13.796,14.2567,0.0,180.0,0.0,180.0,0.0115,60.6006,0.0,180.0,0.0,180.0
2023-09-28 19:00:00,12.5117,13.5753,93.45,93.92,94.9067,93.07,93.06,14.281,14.183,13.9657,13.741,14.24,0.0,180.0,0.0,180.0,0.0187,29.0294,0.0,180.0,0.0,180.0
2023-09-28 19:30:00,12.4837,13.1967,92.1867,92.3967,94.9067,91.5033,91.4967,14.5803,14.5193,14.119,14.0737,14.5857,0.0,180.0,0.0,180.0,0.0152,11.083,0.0,180.0,0.0,180.0
2023-09-28 20:00:00,12.46,13.176,89.6367,89.7267,92.5033,88.95,88.91,15.0667,15.0237,14.5807,14.548,15.0843,0.0,180.0,0.0,180.0,0.0529,351.4168,0.0,180.0,0.0,180.0
2023-09-28 20:30:00,12.442,13.342,88.0233,88.31,89.4067,87.5333,87.3533,15.4083,15.3303,15.1393,14.8403,15.4013,0.0,180.0,0.0,180.0,0.3184,23.9977,0.0,180.0,0.0,180.0
2023-09-28 21:00:00,12.4187,13.5653,87.5267,87.7533,88.0933,87.08,86.9067,15.4363,15.3647,15.3033,14.872,15.4257,0.0,180.0,0.0,180.0,0.2189,23.7048,0.0,180.0,0.0,180.0
2023-09-28 21:30:00,12.4003,13.7397,84.3333,84.44,85.57,83.8233,83.6767,15.747,15.6897,15.5143,15.1833,15.7323,0.0,180.0,0.0,180.0,0.3615,19.2463,0.0,180.0,0.0,180.0
2023-09-28 22:00:00,12.3813,13.857,84.8067,85.0767,84.72,84.44,84.5167,15.5397,15.446,15.5113,14.9673,15.4757,0.0,180.0,0.0,180.0,0.1017,36.0823,0.0,180.0,0.0,180.0
2023-09-28 22:30:00,12.363,13.7877,84.3833,84.5133,85.8867,83.85,83.7767,15.5897,15.526,15.2817,15.0307,15.5713,0.0,180.0,0.0,180.0,0.1688,1.452,0.0,180.0,0.0,180.0
2023-09-28 23:00:00,12.345,13.8987,84.01,84.21,85.0133,83.5567,83.53,15.77,15.6913,15.55,15.1973,15.731,0.0,180.0,0.0,180.0,0.115,8.8348,0.0,180.0,0.0,180.0
2023-09-28 23:30:00,12.3263,14.1463,83.7,83.88,84.36,83.19,83.1633,15.8817,15.806,15.7317,15.3213,15.8513,0.0,180.0,0.0,180.0,0.3802,17.454,0.0,180.0,0.0,180.0
2023-09-29 00:00:00,12.3083,14.4697,83.5233,83.7233,83.6567,83.1233,83.0433,15.974,15.891,15.9257,15.405,15.9317,0.0,180.0,0.0,180.0,0.5599,6.3762,0.0,180.0,0.0,180.0
2023-09-29 00:30:00,12.29,14.783,83.0333,83.18,83.29,82.5633,82.4667,16.1343,16.0667,16.068,15.577,16.1053,0.0,180.0,0.0,180.0,0.4155,11.243,0.0,180.0,0.0,180.0
2023-09-29 01:00:00,12.2727,15.1017,83.0033,83.2067,82.9267,82.5767,82.5167,16.2947,16.2007,16.2973,15.7363,16.2437,0.0,180.0,0.0,180.0,0.7441,14.8346,0.0,180.0,0.0,180.0
2023-09-29 01:30:00,12.255,15.418,82.71,82.92,82.7533,82.2567,82.1567,16.5063,16.4407,16.49,15.9577,16.4847,0.0,180.0,0.0,180.0,0.5438,16.1565,0.0,180.0,0.0,180.0
2023-09-29 02:00:00,12.2373,15.6883,82.8867,83.0767,82.8267,82.4133,82.3467,16.6817,16.6153,16.6713,16.1287,16.6453,0.0,180.0,0.0,180.0,0.5444,13.3651,0.0,180.0,0.0,180.0
2023-09-29 02:30:00,12.2227,15.796,84.6867,84.8867,84.52,84.2467,84.17,16.5013,16.4303,16.5183,15.9487,16.4613,0.0,180.0,0.0,180.0,0.4811,15.2331,0.0,180.0,0.0,180.0
2023-09-29 03:00:00,12.2067,15.8493,81.077,81.1993,81.3873,80.56,80.5103,16.8837,16.814,16.81,16.3337,16.863,0.0,180.0,0.0,180.0,0.8567,4.7863,0.0,180.0,0.0,180.0
2023-09-29 03:30:00,12.1957,16.07,78.9933,79.14,78.9747,78.5027,78.49,17.1797,17.109,17.164,16.6243,17.152,0.0,180.0,0.0,180.0,0.8099,15.6696,0.0,180.0,0.0,180.0
2023-09-29 04:00:00,12.1833,16.271,87.1763,87.3223,85.466,86.7863,86.9403,16.476,16.4,16.737,15.9047,16.386,0.0,180.0,0.0,180.0,0.3517,28.8536,0.0,180.0,0.0,180.0
2023-09-29 04:30:00,12.1727,16.0953,90.3967,90.5233,89.7,90.0067,89.8933,16.0757,16.0153,16.1547,15.5183,16.027,0.0,180.0,0.0,180.0,0.311,33.1354,0.0,180.0,0.0,180.0
2023-09-29 05:00:00,12.1657,15.954,87.2733,87.4,87.3867,86.8333,86.6,16.5757,16.508,16.5343,16.0263,16.5563,0.0,180.0,0.0,180.0,0.7592,13.0916,0.0,180.0,0.0,180.0
2023-09-29 05:30:00,12.158,16.0093,85.5533,85.6967,85.5433,85.0367,84.89,16.9793,16.929,16.9623,16.4417,16.9673,0.0,180.0,0.0,180.0,0.7881,10.4282,0.0,180.0,0.0,180.0
2023-09-29 06:00:00,12.1513,16.1463,85.13,85.24,85.1533,84.5733,84.4533,17.288,17.2387,17.2547,16.7503,17.2793,0.0,180.0,0.0,180.0,0.6522,15.5916,0.0,180.0,0.0,180.0
2023-09-29 06:30:00,12.1517,16.4113,83.9267,84.0333,84.1467,83.3833,83.2467,17.8383,17.7777,17.7663,17.298,17.8433,0.0,180.0,0.0,180.0,0.7439,21.2264,0.0,180.0,0.0,180.0
2023-09-29 07:00:00,12.1547,16.8477,83.98,84.0933,83.9367,83.46,83.28,18.1747,18.1077,18.1533,17.6293,18.1777,0.0,180.0,0.0,180.0,0.5841,22.194,0.0,180.0,0.0,180.0
2023-09-29 07:30:00,12.2517,17.3477,83.5233,83.6867,83.4567,83.02,82.9,18.5887,18.52,18.5727,18.0383,18.5673,0.0,180.0,0.0,180.0,0.7187,26.8604,0.0,180.0,0.0,180.0
2023-09-29 08:00:00,12.26,18.074,83.3633,83.5333,82.88,82.8467,82.7733,19.0197,18.9343,19.082,18.4557,18.9843,0.0,180.0,0.0,180.0,0.6742,13.8266,0.0,180.0,0.0,180.0
2023-09-29 08:30:00,12.318,18.7453,82.0533,82.21,81.5667,81.52,81.4167,19.3733,19.288,19.4483,18.816,19.3273,0.0,180.0,0.0,180.0,0.6259,41.632,0.0,180.0,0.0,180.0
2023-09-29 09:00:00,12.547,19.4863,80.966,81.17,80.393,80.478,80.436,19.8993,19.8167,20.01,19.3503,19.8457,0.0,180.0,0.0,180.0,0.8816,44.2373,0.0,180.0,0.0,180.0
2023-09-29 09:30:00,12.7417,20.411,79.085,79.2943,78.2583,78.5807,78.5997,20.495,20.3887,20.6753,19.9393,20.4287,0.0,180.0,0.0,180.0,0.9536,104.7927,0.0,180.0,0.0,180.0
2023-09-29 10:00:00,12.7803,21.211,79.2597,79.503,78.1747,78.7203,78.7913,20.5923,20.4827,20.814,20.0467,20.5287,0.0,180.0,0.0,180.0,1.2002,113.3326,0.0,180.0,0.0,180.0
2023-09-29 10:30:00,12.674,21.4497,82.47,82.75,81.4747,81.9767,82.0,20.104,20.009,20.3097,19.551,20.0327,0.0,180.0,0.0,180.0,1.1366,124.1857,0.0,180.0,0.0,180.0
2023-09-29 11:00:00,12.678,21.35,85.1833,85.49,84.2733,84.7233,84.6933,19.876,19.7943,20.0933,19.3307,19.8213,0.0,180.0,0.0,180.0,1.1971,117.9819,0.0,180.0,0.0,180.0
2023-09-29 11:30:00,12.5917,20.798,91.7333,92.1667,90.5767,91.4767,91.4333,18.9767,18.87,19.163,18.3973,18.8877,0.0,180.0,0.0,180.0,1.5693,146.9027,0.0,180.0,0.0,180.0
2023-09-29 12:00:00,12.7243,19.9037,90.84,91.4333,89.9467,90.4267,90.2033,18.1,17.998,18.2413,17.5513,18.0733,0.0,180.0,0.0,180.0,1.6592,161.0648,0.0,180.0,0.0,180.0
2023-09-29 12:30:00,12.6533,19.3677,88.8267,89.35,88.1367,88.47,88.2133,17.9427,17.8103,18.022,17.386,17.916,0.0,180.0,0.0,180.0,1.5726,168.2966,0.0,180.0,0.0,180.0
2023-09-29 13:00:00,13.1813,19.2187,82.843,83.2553,82.1653,82.3333,82.1633,18.077,17.9757,18.196,17.536,18.0673,0.0,180.0,0.0,180.0,1.7777,168.2265,0.0,180.0,0.0,180.0
2023-09-29 13:30:00,12.831,19.6547,78.7857,79.0507,77.8503,78.3043,78.2773,18.2227,18.118,18.402,17.6723,18.1903,0.0,180.0,0.0,180.0,1.5458,174.3032,0.0,180.0,0.0,180.0
2023-09-29 14:00:00,13.144,19.73,75.68,75.9053,74.9647,75.1043,75.041,18.347,18.2487,18.4603,17.8163,18.3453,0.0,180.0,0.0,180.0,1.521,168.1985,0.0,180.0,0.0,180.0
2023-09-29 14:30:00,13.1303,20.1657,73.703,73.939,72.4687,73.1197,73.2457,18.3903,18.2657,18.66,17.8557,18.353,0.0,180.0,0.0,180.0,1.6272,157.4193,0.0,180.0,0.0,180.0
2023-09-29 15:00:00,13.2057,20.2743,73.9647,74.2047,72.9087,73.3567,73.3803,18.182,18.08,18.407,17.6557,18.1697,0.0,180.0,0.0,180.0,1.6,165.4864,0.0,180.0,0.0,180.0
2023-09-29 15:30:00,13.155,20.7787,71.163,71.3967,69.6553,70.5247,70.6403,18.256,18.1197,18.6203,17.7393,18.2357,0.0,180.0,0.0,180.0,1.7995,160.4018,0.0,180.0,0.0,180.0
2023-09-29 16:00:00,12.7947,20.43,68.94,69.036,68.05,68.3487,68.5237,17.5367,17.435,17.7353,16.9943,17.4947,0.0,180.0,0.0,180.0,1.6004,163.9281,0.0,180.0,0.0,180.0
2023-09-29 16:30:00,12.6803,19.0563,66.5337,66.5663,66.0427,65.964,66.1223,17.0833,16.9947,17.178,16.521,17.049,0.0,180.0,0.0,180.0,1.3559,164.2119,0.0,180.0,0.0,180.0
2023-09-29 17:00:00,12.5693,17.767,70.6153,70.707,69.9683,70.1013,70.189,16.533,16.4573,16.6377,15.9643,16.485,0.0,180.0,0.0,180.0,0.8517,156.2656,0.0,180.0,0.0,180.0
2023-09-29 17:30:00,12.4937,16.4487,74.9963,75.1137,74.2197,74.5573,74.515,15.7387,15.6567,15.8493,15.1447,15.6993,0.0,180.0,0.0,180.0,0.6189,138.5303,0.0,180.0,0.0,180.0
2023-09-29 18:00:00,12.439,15.0683,79.3437,79.5443,79.05,78.971,78.7873,15.0113,14.9337,14.993,14.4167,15.0043,0.0,180.0,0.0,180.0,0.2816,108.4916,0.0,180.0,0.0,180.0
2023-09-29 18:30:00,12.3913,13.8973,82.8557,83.2637,82.6233,82.476,82.3213,14.5547,14.4577,14.5283,13.9743,14.5443,0.0,180.0,0.0,180.0,0.3554,104.8609,0.0,180.0,0.0,180.0
2023-09-29 19:00:00,12.3487,12.9207,89.09,89.52,88.25,88.9833,88.83,13.561,13.4577,13.567,12.9627,13.4727,0.0,180.0,0.0,180.0,0.0653,97.6513,0.0,180.0,0.0,180.0
2023-09-29 19:30:00,12.308,11.861,94.3467,95.0467,94.0667,94.4767,94.2867,12.7367,12.62,12.6187,12.1097,12.6277,0.0,180.0,0.0,180.0,0.0812,21.5921,0.0,180.0,0.0,180.0
2023-09-29 20:00:00,12.2703,10.9813,95.9433,96.85,95.7867,96.1733,95.9533,12.1483,12.0223,11.9797,11.5707,12.0467,0.0,180.0,0.0,180.0,0.0139,56.3114,0.0,180.0,0.0,180.0
2023-09-29 20:30:00,12.2347,10.2797,97.04,97.84,97.4867,97.0633,96.87,11.973,11.849,11.708,11.385,11.901,0.0,180.0,0.0,180.0,0.0754,45.8679,0.0,180.0,0.0,180.0
2023-09-29 21:00:00,12.203,9.8547,96.29,96.7033,97.63,96.1067,95.9,11.8983,11.819,11.6633,11.317,11.859,0.0,180.0,0.0,180.0,0.1278,34.0765,0.0,180.0,0.0,180.0
2023-09-29 21:30:00,12.173,9.5233,96.2867,96.8233,97.47,96.1833,95.8433,11.6637,11.5753,11.4673,11.0907,11.6283,0.0,180.0,0.0,180.0,0.0677,50.0488,0.0,180.0,0.0,180.0
2023-09-29 22:00:00,12.148,9.2503,97.05,97.6967,97.84,96.9733,96.6933,11.466,11.363,11.2463,10.9047,11.442,0.0,180.0,0.0,180.0,0.0923,36.1071,0.0,180.0,0.0,180.0
2023-09-29 22:30:00,12.1277,9.1937,96.2967,96.7,97.7633,96.08,95.81,11.5017,11.4327,11.249,10.9627,11.497,0.0,180.0,0.0,180.0,0.0366,38.7956,0.0,180.0,0.0,180.0
2023-09-29 23:00:00,12.11,9.1797,96.7333,97.2,97.85,96.5,96.2367,11.3013,11.2323,11.1007,10.7353,11.2843,0.0,180.0,0.0,180.0,0.0562,42.8861,0.0,180.0,0.0,180.0
2023-09-29 23:30:00,12.0977,9.2057,96.78,97.1567,98.04,96.47,96.2167,11.4843,11.4113,11.227,10.927,11.4873,0.0,180.0,0.0,180.0,0.1074,17.844,0.0,180.0,0.0,180.0
2023-09-30 00:00:00,12.086,9.4113,96.0,96.1533,97.7533,95.45,95.1333,11.6607,11.6053,11.4647,11.1357,11.7003,0.0,180.0,0.0,180.0,0.098,1.0543,0.0,180.0,0.0,180.0
2023-09-30 00:30:00,12.0767,9.6813,96.1633,96.5867,97.2067,95.8333,95.5833,11.538,11.4407,11.403,10.971,11.5083,0.0,180.0,0.0,180.0,0.0856,20.3338,0.0,180.0,0.0,180.0
2023-09-30 01:00:00,12.069,9.8247,96.6867,97.0633,97.5933,96.2767,96.0733,11.7293,11.664,11.4647,11.171,11.7287,0.0,180.0,0.0,180.0,0.0943,23.337,0.0,180.0,0.0,180.0
2023-09-30 01:30:00,12.0623,10.0437,96.47,96.9233,97.5533,96.2533,95.89,11.8643,11.78,11.7013,11.2953,11.8507,0.0,180.0,0.0,180.0,0.0438,35.8406,0.0,180.0,0.0,180.0
2023-09-30 02:00:00,12.0567,10.1533,96.2633,96.45,97.71,95.72,95.5567,12.1143,12.0617,11.8897,11.571,12.1223,0.0,180.0,0.0,180.0,0.2006,0.9672,0.0,180.0,0.0,180.0
2023-09-30 02:30:00,12.0487,10.4037,95.93,96.22,97.02,95.4933,95.1867,12.1847,12.121,12.025,11.63,12.1887,0.0,180.0,0.0,180.0,0.1429,29.1834,0.0,180.0,0.0,180.0
2023-09-30 03:00:00,12.0423,10.7737,95.5367,95.8067,96.61,95.1867,94.8467,12.4013,12.3413,12.2807,11.8497,12.4057,0.0,180.0,0.0,180.0,0.1699,18.5176,0.0,180.0,0.0,180.0
2023-09-30 03:30:00,12.0373,10.9463,96.4067,96.9367,96.7833,96.1733,95.8533,12.308,12.2243,12.2377,11.741,12.2937,0.0,180.0,0.0,180.0,0.0869,8.7918,0.0,180.0,0.0,180.0
2023-09-30 04:00:00,12.0303,10.9407,97.18,97.7933,97.36,97.04,96.68,12.2943,12.1947,12.1913,11.714,12.2767,0.0,180.0,0.0,180.0,0.0993,30.1312,0.0,180.0,0.0,180.0
2023-09-30 04:30:00,12.0233,10.9627,97.3567,97.9133,97.6233,97.2,96.8633,12.2953,12.2023,12.229,11.7327,12.2837,0.0,180.0,0.0,180.0,0.0647,10.6279,0.0,180.0,0.0,180.0
2023-09-30 05:00:00,12.0157,10.9687,97.6133,98.2133,97.8233,97.49,97.1467,12.265,12.1643,12.1583,11.6863,12.241,0.0,180.0,0.0,180.0,0.1189,12.3034,0.0,180.0,0.0,180.0
2023-09-30 05:30:00,12.0087,10.9317,97.5767,98.1233,97.7167,97.44,97.1233,11.9567,11.8617,11.957,11.3793,11.924,0.0,180.0,0.0,180.0,0.2119,353.4492,0.0,180.0,0.0,180.0
2023-09-30 06:00:00,12.0017,10.6237,98.0767,98.73,98.0,98.0267,97.6033,11.6783,11.589,11.623,11.0887,11.6697,0.0,180.0,0.0,180.0,0.3302,14.8082,0.0,180.0,0.0,180.0
2023-09-30 06:30:00,12.0277,10.4603,98.1567,98.74,98.1667,98.0233,97.6633,11.708,11.6007,11.6763,11.1273,11.6817,0.0,180.0,0.0,180.0,0.2903,0.934,0.0,180.0,0.0,180.0
2023-09-30 07:00:00,12.0793,10.649,98.15,98.53,98.23,97.6467,97.52,11.9267,11.8607,11.9923,11.4037,11.9393,0.0,180.0,0.0,180.0,0.4852,15.8519,0.0,180.0,0.0,180.0
2023-09-30 07:30:00,12.3367,11.46,96.21,95.71,96.4967,94.81,94.7767,12.6943,12.7093,12.948,12.285,12.787,0.0,180.0,0.0,180.0,0.3735,26.6337,0.0,180.0,0.0,180.0
2023-09-30 08:00:00,12.9237,12.9273,91.0667,91.1333,90.3433,90.0967,90.0733,14.1153,14.0653,14.6527,13.6557,14.1443,0.0,180.0,0.0,180.0,0.4268,33.0129,0.0,180.0,0.0,180.0
2023-09-30 08:30:00,13.6543,14.7677,85.8633,86.3667,83.9,85.57,85.5967,15.414,15.279,15.989,14.8223,15.3117,0.0,180.0,0.0,180.0,0.6869,8.1357,0.0,180.0,0.0,180.0
2023-09-30 09:00:00,13.7783,16.581,81.002,81.681,77.3303,80.5253,80.832,16.5427,16.3723,17.5703,15.996,16.4187,0.0,180.0,0.0,180.0,0.5725,39.9779,0.0,180.0,0.0,180.0
2023-09-30 09:30:00,13.7457,18.3373,77.4787,78.0487,72.453,77.0597,77.422,17.2613,17.0987,18.5297,16.717,17.1027,0.0,180.0,0.0,180.0,0.6559,39.9781,0.0,180.0,0.0,180.0
2023-09-30 10:00:00,13.6807,19.995,73.0243,73.613,68.2397,72.4467,72.8367,17.9397,17.753,19.197,17.4143,17.83,0.0,180.0,0.0,180.0,0.6152,119.5072,0.0,180.0,0.0,180.0
2023-09-30 10:30:00,13.513,20.9393,70.941,71.331,67.993,70.3853,70.6003,17.9667,17.809,18.7023,17.433,17.9047,0.0,180.0,0.0,180.0,0.6272,118.7382,0.0,180.0,0.0,180.0
2023-09-30 11:00:00,13.6387,21.2277,68.3467,68.7317,66.1593,67.9213,68.0297,18.4837,18.311,19.0597,17.9083,18.4087,0.0,180.0,0.0,180.0,0.4382,102.5949,0.0,180.0,0.0,180.0
2023-09-30 11:30:00,13.6587,22.2343,63.14,63.448,59.6633,62.6233,62.9337,19.3183,19.1347,20.3007,18.747,19.1837,0.0,180.0,0.0,180.0,0.7163,54.1718,0.0,180.0,0.0,180.0
2023-09-30 12:00:00,13.6273,23.324,61.0773,61.2707,58.2807,60.5943,60.8513,19.0187,18.8623,19.8297,18.4213,18.9143,0.0,180.0,0.0,180.0,0.7245,67.6168,0.0,180.0,0.0,180.0
2023-09-30 12:30:00,13.5533,23.5173,59.9793,60.142,57.7297,59.362,59.6233,19.126,18.9677,19.774,18.5677,19.062,0.0,180.0,0.0,180.0,0.9234,115.1613,0.0,180.0,0.0,180.0
2023-09-30 13:00:00,13.4387,23.0403,60.0003,60.0853,58.1763,59.3643,59.655,18.788,18.651,19.2683,18.2243,18.7267,0.0,180.0,0.0,180.0,0.6385,123.7441,0.0,180.0,0.0,180.0
2023-09-30 13:30:00,13.6273,22.704,59.475,59.6573,56.857,58.891,59.1237,19.2623,19.1007,19.9867,18.6973,19.1877,0.0,180.0,0.0,180.0,0.5889,45.5979,0.0,180.0,0.0,180.0
2023-09-30 14:00:00,13.6223,22.8883,57.4567,57.6193,54.8727,56.8273,57.1473,19.2797,19.1227,20.085,18.716,19.1837,0.0,180.0,0.0,180.0,0.8132,84.1448,0.0,180.0,0.0,180.0
2023-09-30 14:30:00,13.6437,23.196,56.642,56.8267,54.224,55.967,56.1703,19.353,19.192,20.0853,18.7963,19.2953,0.0,180.0,0.0,180.0,0.9536,140.085,0.0,180.0,0.0,180.0
2023-09-30 15:00:00,13.4923,23.467,57.061,57.2087,54.66,56.4273,56.6527,19.3027,19.1497,20.0083,18.732,19.2333,0.0,180.0,0.0,180.0,0.7311,115.2263,0.0,180.0,0.0,180.0
2023-09-30 15:30:00,13.2203,23.4997,57.945,58.074,55.439,57.323,57.646,19.1043,18.955,19.869,18.542,19.0343,0.0,180.0,0.0,180.0,0.7544,133.1779,0.0,180.0,0.0,180.0
2023-09-30 16:00:00,12.966,22.5067,61.2503,61.3233,59.275,60.6697,60.9087,18.2363,18.1307,18.78,17.674,18.1907,0.0,180.0,0.0,180.0,0.6494,126.7415,0.0,180.0,0.0,180.0
2023-09-30 16:30:00,12.8227,20.7523,64.832,64.8433,63.4597,64.3013,64.5107,17.5153,17.424,17.81,16.942,17.457,0.0,180.0,0.0,180.0,0.3437,95.8711,0.0,180.0,0.0,180.0
2023-09-30 17:00:00,12.7527,19.1837,71.7193,71.8877,70.3183,71.221,71.286,16.9917,16.8963,17.266,16.4207,16.9447,0.0,180.0,0.0,180.0,0.2616,90.1979,0.0,180.0,0.0,180.0
2023-09-30 17:30:00,12.6913,17.89,74.7933,75.049,73.7207,74.224,74.2847,16.459,16.3573,16.6517,15.907,16.413,0.0,180.0,0.0,180.0,0.0649,67.3528,0.0,180.0,0.0,180.0
2023-09-30 18:00:00,12.6453,16.552,78.4353,78.732,77.5747,77.834,77.8723,15.66,15.565,15.7727,15.111,15.644,0.0,180.0,0.0,180.0,0.0422,35.4192,0.0,180.0,0.0,180.0
2023-09-30 18:30:00,12.6077,15.4733,81.9777,82.2567,82.412,81.5437,81.4737,15.377,15.3003,15.2763,14.8053,15.348,0.0,180.0,0.0,180.0,0.0416,104.3356,0.0,180.0,0.0,180.0
2023-09-30 19:00:00,12.5737,14.8737,82.8267,83.0767,83.1567,82.337,82.31,15.3373,15.2613,15.2453,14.7813,15.3187,0.0,180.0,0.0,180.0,0.0438,45.4488,0.0,180.0,0.0,180.0
2023-09-30 19:30:00,12.5413,14.456,84.81,85.0733,84.5933,84.3633,84.2567,15.1503,15.059,15.107,14.578,15.1237,0.0,180.0,0.0,180.0,0.0708,66.1267,0.0,180.0,0.0,180.0
2023-09-30 20:00:00,12.5153,14.0727,86.6267,86.8267,86.9433,86.1967,86.2167,14.706,14.628,14.6383,14.1587,14.665,0.0,180.0,0.0,180.0,0.0416,49.7478,0.0,180.0,0.0,180.0
2023-09-30 20:30:00,12.491,13.7553,87.1,87.3433,87.9,86.73,86.6567,14.6667,14.5793,14.4723,14.1123,14.639,0.0,180.0,0.0,180.0,0.0634,28.577,0.0,180.0,0.0,180.0
2023-09-30 21:00:00,12.469,13.7073,84.7567,84.93,85.6933,84.2833,84.2,14.8947,14.848,14.7187,14.353,14.8983,0.0,180.0,0.0,180.0,0.0697,9.7901,0.0,180.0,0.0,180.0
2023-09-30 21:30:00,12.4497,13.8347,85.0867,85.3033,85.2767,84.77,84.7467,14.919,14.852,14.9033,14.3493,14.89,0.0,180.0,0.0,180.0,0.0311,72.8065,0.0,180.0,0.0,180.0
2023-09-30 22:00:00,12.43,13.952,84.4633,84.7067,84.8,84.0,83.89,14.9743,14.9003,14.887,14.4153,14.967,0.0,180.0,0.0,180.0,0.1784,11.23,0.0,180.0,0.0,180.0
2023-09-30 22:30:00,12.4123,14.0403,84.7533,85.0267,84.6833,84.41,84.3433,14.9543,14.875,14.957,14.3843,14.933,0.0,180.0,0.0,180.0,0.1283,27.6339,0.0,180.0,0.0,180.0
2023-09-30 23:00:00,12.3943,14.08,85.56,85.8,85.66,85.1967,85.14,14.9353,14.8607,14.93,14.375,14.9267,0.0,180.0,0.0,180.0,0.2339,14.399,0.0,180.0,0.0,180.0
2023-09-30 23:30:00,12.3783,14.1817,86.2067,86.4867,85.8867,85.8267,85.69,14.887,14.7947,14.9393,14.3207,14.8807,0.0,180.0,0.0,180.0,0.194,21.9973,0.0,180.0,0.0,180.0
2023-10-01 00:00:00,12.3623,14.1787,86.5133,86.75,86.3067,86.0867,85.9533,14.722,14.6443,14.7473,14.164,14.7173,0.0,180.0,0.0,180.0,0.262,8.3253,0.0,180.0,0.0,180.0
2023-10-01 00:30:00,12.345,14.1693,84.77,84.97,84.6567,84.3633,84.27,14.8107,14.7273,14.8197,14.246,14.8017,0.0,180.0,0.0,180.0,0.3894,16.0415,0.0,180.0,0.0,180.0
2023-10-01 01:00:00,12.329,14.0763,84.3567,84.5567,84.3867,83.95,83.8333,14.6847,14.6217,14.688,14.1313,14.6827,0.0,180.0,0.0,180.0,0.5005,33.2356,0.0,180.0,0.0,180.0
2023-10-01 01:30:00,12.3123,14.0707,82.97,83.17,83.01,82.5167,82.3767,14.7643,14.6953,14.7447,14.2107,14.7757,0.0,180.0,0.0,180.0,0.5579,13.8202,0.0,180.0,0.0,180.0
2023-10-01 02:00:00,12.2963,14.2297,79.1013,79.2133,79.372,78.631,78.5753,15.122,15.0573,15.0603,14.5537,15.1243,0.0,180.0,0.0,180.0,0.6294,11.1026,0.0,180.0,0.0,180.0
2023-10-01 02:30:00,12.2797,14.4743,77.004,77.191,76.852,76.5267,76.5257,15.3643,15.2803,15.3533,14.7923,15.3433,0.0,180.0,0.0,180.0,0.6686,12.4916,0.0,180.0,0.0,180.0
2023-10-01 03:00:00,12.2657,14.6697,77.3697,77.511,77.1507,76.8803,76.8653,15.2687,15.1793,15.2823,14.7,15.252,0.0,180.0,0.0,180.0,0.8034,17.8244,0.0,180.0,0.0,180.0
2023-10-01 03:30:00,12.249,14.8437,75.7617,75.9117,75.5293,75.255,75.258,15.4603,15.3763,15.4803,14.881,15.441,0.0,180.0,0.0,180.0,0.87,37.136,0.0,180.0,0.0,180.0
2023-10-01 04:00:00,12.231,14.959,77.4253,77.59,77.112,76.9807,77.0177,15.2227,15.1327,15.2703,14.649,15.1993,0.0,180.0,0.0,180.0,0.6912,17.1879,0.0,180.0,0.0,180.0
2023-10-01 04:30:00,12.213,14.969,78.7187,78.8897,78.461,78.2767,78.2793,15.1387,15.043,15.1783,14.552,15.0987,0.0,180.0,0.0,180.0,0.5765,24.0811,0.0,180.0,0.0,180.0
2023-10-01 05:00:00,12.1957,14.9677,78.6587,78.817,78.609,78.1893,78.135,15.2953,15.2173,15.274,14.7263,15.2857,0.0,180.0,0.0,180.0,0.6588,33.9765,0.0,180.0,0.0,180.0
2023-10-01 05:30:00,12.1787,15.0483,77.2997,77.459,77.351,76.8037,76.763,15.663,15.5733,15.6153,15.0963,15.6437,0.0,180.0,0.0,180.0,0.8014,55.7494,0.0,180.0,0.0,180.0
2023-10-01 06:00:00,12.1627,15.215,78.0243,78.1983,77.7113,77.545,77.5287,15.6247,15.5547,15.656,15.052,15.5923,0.0,180.0,0.0,180.0,0.7154,46.4871,0.0,180.0,0.0,180.0
2023-10-01 06:30:00,12.165,15.2953,79.507,79.7133,78.9943,79.077,79.053,15.415,15.327,15.49,14.8423,15.3897,0.0,180.0,0.0,180.0,0.5786,32.5686,0.0,180.0,0.0,180.0
2023-10-01 07:00:00,12.197,15.2523,79.8133,79.867,78.304,78.8787,78.9723,15.4363,15.376,15.748,14.9697,15.4973,0.0,180.0,0.0,180.0,0.5756,35.3182,0.0,180.0,0.0,180.0
2023-10-01 07:30:00,12.428,15.819,78.1887,78.3887,75.3613,77.413,77.6317,15.9267,15.8557,16.564,15.4373,15.901,0.0,180.0,0.0,180.0,0.7337,34.6115,0.0,180.0,0.0,180.0
2023-10-01 08:00:00,12.9313,17.2147,75.805,76.1923,72.505,75.1567,75.6347,16.6217,16.4897,17.3853,16.1117,16.4957,0.0,180.0,0.0,180.0,0.7097,39.6948,0.0,180.0,0.0,180.0
2023-10-01 08:30:00,13.482,18.9247,73.814,74.268,69.8113,73.245,73.721,17.3877,17.2347,18.345,16.8563,17.2617,0.0,180.0,0.0,180.0,0.7337,44.5563,0.0,180.0,0.0,180.0
2023-10-01 09:00:00,13.6737,20.4547,72.9747,73.3593,69.3783,72.3997,72.853,18.02,17.8733,18.9003,17.4823,17.9057,0.0,180.0,0.0,180.0,0.7633,54.5565,0.0,180.0,0.0,180.0
2023-10-01 09:30:00,13.6123,21.6623,70.838,71.2667,67.2257,70.3213,70.7727,19.1353,18.964,20.0317,18.567,18.9723,0.0,180.0,0.0,180.0,0.6026,49.7565,0.0,180.0,0.0,180.0
2023-10-01 10:00:00,13.657,22.8123,69.6283,69.926,66.6963,69.0127,69.2983,19.6493,19.5117,20.406,19.112,19.5603,0.0,180.0,0.0,180.0,0.615,50.8649,0.0,180.0,0.0,180.0
2023-10-01 10:30:00,13.3597,23.5407,66.9563,67.1983,64.4843,66.3597,66.6623,20.496,20.3447,21.1233,19.9433,20.376,0.0,180.0,0.0,180.0,0.892,73.4117,0.0,180.0,0.0,180.0
2023-10-01 11:00:00,13.2993,24.3643,64.397,64.6613,62.0207,63.792,64.2127,21.219,21.053,21.8693,20.6713,21.0833,0.0,180.0,0.0,180.0,0.9534,40.2146,0.0,180.0,0.0,180.0
2023-10-01 11:30:00,13.3543,25.1883,63.1597,63.3593,61.2457,62.4653,62.9367,21.6217,21.4537,22.1287,21.0933,21.482,0.0,180.0,0.0,180.0,1.1159,34.3442,0.0,180.0,0.0,180.0
2023-10-01 12:00:00,13.6333,25.943,62.246,62.4687,60.1227,61.549,61.959,22.2187,22.0503,22.8137,21.68,22.0933,0.0,180.0,0.0,180.0,0.936,49.6496,0.0,180.0,0.0,180.0
2023-10-01 12:30:00,13.64,26.7443,60.922,61.0753,58.7043,60.3297,60.626,22.6347,22.479,23.288,22.059,22.4957,0.0,180.0,0.0,180.0,1.0029,35.3534,0.0,180.0,0.0,180.0
2023-10-01 13:00:00,13.6013,27.3323,59.7787,59.8627,57.6903,59.0917,59.439,22.7903,22.6443,23.3847,22.2283,22.6557,0.0,180.0,0.0,180.0,0.9253,78.8936,0.0,180.0,0.0,180.0
2023-10-01 13:30:00,13.5853,27.1733,58.9613,59.043,57.276,58.3003,58.6517,22.8963,22.755,23.391,22.339,22.7797,0.0,180.0,0.0,180.0,0.9587,37.506,0.0,180.0,0.0,180.0
2023-10-01 14:00:00,13.5857,27.172,55.8077,55.8577,53.768,55.121,55.449,23.3643,23.23,24.0073,22.819,23.2577,0.0,180.0,0.0,180.0,0.9682,89.7953,0.0,180.0,0.0,180.0
2023-10-01 14:30:00,13.5673,27.465,54.456,54.5767,52.0077,53.7,53.998,23.294,23.1117,24.074,22.763,23.2037,0.0,180.0,0.0,180.0,1.0005,132.3705,0.0,180.0,0.0,180.0
2023-10-01 15:00:00,13.5073,27.7093,55.4643,55.5973,52.878,54.715,55.0097,23.109,22.9323,23.913,22.572,23.015,0.0,180.0,0.0,180.0,0.7655,123.1084,0.0,180.0,0.0,180.0
2023-10-01 15:30:00,13.1423,27.6737,56.4743,56.6087,53.6527,55.776,56.0307,22.9973,22.817,23.8977,22.4497,22.905,0.0,180.0,0.0,180.0,0.7468,136.2676,0.0,180.0,0.0,180.0
2023-10-01 16:00:00,12.8837,26.4633,61.3187,61.3893,58.4,60.6253,60.9033,22.096,21.964,22.9163,21.538,22.033,0.0,180.0,0.0,180.0,0.3467,55.4469,0.0,180.0,0.0,180.0
2023-10-01 16:30:00,12.8233,24.558,67.307,67.427,65.0067,66.7087,66.861,21.153,21.0393,21.6753,20.5897,21.099,0.0,180.0,0.0,180.0,0.1241,71.9387,0.0,180.0,0.0,180.0
2023-10-01 17:00:00,12.741,22.7447,75.1847,75.4013,72.2747,74.741,74.9513,19.8833,19.7607,20.4907,19.2997,19.767,0.0,180.0,0.0,180.0,0.0372,64.6267,0.0,180.0,0.0,180.0
2023-10-01 17:30:00,12.6803,20.8423,80.0967,80.2687,78.643,79.6027,79.769,18.759,18.6723,19.0313,18.198,18.681,0.0,180.0,0.0,180.0,0.0592,28.7991,0.0,180.0,0.0,180.0
2023-10-01 18:00:00,12.6373,18.967,82.93,83.13,82.779,82.4687,82.3947,18.0837,18.0127,18.0233,17.528,18.046,0.0,180.0,0.0,180.0,0.0396,75.1836,0.0,180.0,0.0,180.0
2023-10-01 18:30:00,12.6043,17.4553,86.9767,87.21,87.56,86.7533,86.8333,17.334,17.265,17.1467,16.7517,17.234,0.0,180.0,0.0,180.0,0.0451,128.3463,0.0,180.0,0.0,180.0
2023-10-01 19:00:00,12.575,16.34,91.0433,91.55,91.2333,90.79,90.8567,16.5223,16.422,16.409,15.966,16.405,0.0,180.0,0.0,180.0,0.0189,3.8947,0.0,180.0,0.0,180.0
2023-10-01 19:30:00,12.549,15.5023,93.41,93.93,94.4867,93.1867,93.08,16.1813,16.076,15.893,15.603,16.086,0.0,180.0,0.0,180.0,0.0118,55.2043,0.0,180.0,0.0,180.0
2023-10-01 20:00:00,12.5253,14.933,94.7533,95.1867,95.75,94.4667,94.3867,15.9103,15.8427,15.704,15.3447,15.8483,0.0,180.0,0.0,180.0,0.0281,66.9997,0.0,180.0,0.0,180.0
2023-10-01 20:30:00,12.5063,14.6367,92.8033,92.7967,95.3233,92.24,91.9667,16.0813,16.064,15.714,15.5533,16.0823,0.0,180.0,0.0,180.0,0.2115,6.2066,0.0,180.0,0.0,180.0
2023-10-01 21:00:00,12.4877,14.6007,84.6667,84.81,86.25,83.95,83.7667,17.3203,17.2733,17.0113,16.8173,17.3677,0.0,180.0,0.0,180.0,0.3556,9.8356,0.0,180.0,0.0,180.0
2023-10-01 21:30:00,12.4727,14.6833,89.39,89.7133,89.3033,89.0567,88.9567,16.5427,16.4663,16.5253,15.981,16.4837,0.0,180.0,0.0,180.0,0.0727,67.1766,0.0,180.0,0.0,180.0
2023-10-01 22:00:00,12.455,14.5937,88.9533,89.24,89.8867,88.6433,88.43,16.4723,16.4087,16.2473,15.897,16.4393,0.0,180.0,0.0,180.0,0.0501,158.8588,0.0,180.0,0.0,180.0
2023-10-01 22:30:00,12.4407,14.3763,92.9833,93.46,93.15,92.8467,92.77,15.7847,15.6993,15.5837,15.1923,15.6893,0.0,180.0,0.0,180.0,0.015,133.976,0.0,180.0,0.0,180.0
2023-10-01 23:00:00,12.4257,14.1257,92.5267,92.7033,94.8467,92.1333,92.0567,15.8407,15.804,15.407,15.2807,15.8063,0.0,180.0,0.0,180.0,0.0586,118.7169,0.0,180.0,0.0,180.0
2023-10-01 23:30:00,12.4123,14.1097,89.5833,89.67,92.2433,88.9267,88.6933,16.3487,16.3083,15.9123,15.8367,16.3707,0.0,180.0,0.0,180.0,0.1829,2.8651,0.0,180.0,0.0,180.0
2023-10-02 00:00:00,12.3973,14.2877,85.2733,85.4067,86.98,84.6567,84.4567,17.1457,17.0907,16.8293,16.6213,17.1697,0.0,180.0,0.0,180.0,0.4462,1.9927,0.0,180.0,0.0,180.0
2023-10-02 00:30:00,12.387,14.7107,84.6367,84.8667,85.0467,84.1833,84.07,17.2677,17.1903,17.1857,16.7203,17.2457,0.0,180.0,0.0,180.0,0.3957,11.9311,0.0,180.0,0.0,180.0
2023-10-02 01:00:00,12.3733,15.0173,88.9133,89.35,87.8167,88.5133,88.4067,16.534,16.4177,16.7057,15.9803,16.4843,0.0,180.0,0.0,180.0,0.1311,357.6924,0.0,180.0,0.0,180.0
2023-10-02 01:30:00,12.361,15.165,88.43,88.5467,89.14,87.8567,87.6167,16.7453,16.6957,16.5967,16.2197,16.7537,0.0,180.0,0.0,180.0,0.1485,2.9462,0.0,180.0,0.0,180.0
2023-10-02 02:00:00,12.3487,15.1857,89.0533,89.31,88.97,88.56,88.41,16.6887,16.6157,16.67,16.1557,16.6667,0.0,180.0,0.0,180.0,0.1683,2.7231,0.0,180.0,0.0,180.0
2023-10-02 02:30:00,12.3367,14.9253,91.4067,91.7767,90.9633,91.03,90.8433,16.129,16.042,16.1597,15.5707,16.0947,0.0,180.0,0.0,180.0,0.2535,3.3604,0.0,180.0,0.0,180.0
2023-10-02 03:00:00,12.322,14.6,92.5867,92.9133,92.7833,92.2467,92.0433,15.8063,15.734,15.714,15.238,15.7677,0.0,180.0,0.0,180.0,0.0858,26.2762,0.0,180.0,0.0,180.0
2023-10-02 03:30:00,12.3083,14.2667,94.8733,95.48,94.2867,94.7467,94.53,15.33,15.2167,15.2733,14.7327,15.2593,0.0,180.0,0.0,180.0,0.0767,29.2741,0.0,180.0,0.0,180.0
2023-10-02 04:00:00,12.2933,13.944,94.7833,95.0767,95.48,94.4833,94.3367,15.2333,15.166,15.0173,14.6597,15.2053,0.0,180.0,0.0,180.0,0.0797,321.9967,0.0,180.0,0.0,180.0
2023-10-02 04:30:00,12.2813,13.75,94.2367,94.44,95.5467,93.7867,93.49,15.2883,15.2357,15.0357,14.7407,15.3047,0.0,180.0,0.0,180.0,0.142,5.9463,0.0,180.0,0.0,180.0
2023-10-02 05:00:00,12.268,13.7133,93.5933,93.7833,94.4967,93.0767,92.7967,15.4413,15.3687,15.2673,14.89,15.4473,0.0,180.0,0.0,180.0,0.3656,12.0713,0.0,180.0,0.0,180.0
2023-10-02 05:30:00,12.254,13.7817,93.4067,93.7467,93.5933,93.05,92.7567,15.2497,15.153,15.2003,14.671,15.2343,0.0,180.0,0.0,180.0,0.3676,8.0574,0.0,180.0,0.0,180.0
2023-10-02 06:00:00,12.2413,13.7717,94.4767,94.89,94.4767,94.1867,93.8567,14.9473,14.8567,14.9037,14.3767,14.9497,0.0,180.0,0.0,180.0,0.1468,22.2412,0.0,180.0,0.0,180.0
2023-10-02 06:30:00,12.2607,13.8493,93.67,93.8467,94.5,93.1733,92.84,15.241,15.18,15.1147,14.6973,15.2603,0.0,180.0,0.0,180.0,0.2833,25.2381,0.0,180.0,0.0,180.0
2023-10-02 07:00:00,12.325,14.2457,91.9067,92.0667,92.4,91.3733,91.1067,15.6517,15.5937,15.626,15.1123,15.647,0.0,180.0,0.0,180.0,0.262,13.6228,0.0,180.0,0.0,180.0
2023-10-02 07:30:00,12.458,14.8053,90.5,90.8,90.2133,90.0833,89.86,16.117,16.048,16.2623,15.5653,16.0787,0.0,180.0,0.0,180.0,0.1091,2.7462,0.0,180.0,0.0,180.0
2023-10-02 08:00:00,12.6257,15.6507,88.24,88.58,87.6767,87.8633,87.6967,16.9707,16.87,17.211,16.4107,16.9227,0.0,180.0,0.0,180.0,0.1119,19.9747,0.0,180.0,0.0,180.0
2023-10-02 08:30:00,12.7973,16.656,86.4767,86.86,84.98,86.0933,85.9233,17.718,17.6203,18.097,17.1557,17.6787,0.0,180.0,0.0,180.0,0.213,26.5312,0.0,180.0,0.0,180.0
2023-10-02 09:00:00,13.3657,17.859,82.3927,82.93,80.734,81.7427,81.8157,18.89,18.75,19.309,18.368,18.8493,0.0,180.0,0.0,180.0,0.5667,141.2695,0.0,180.0,0.0,180.0
2023-10-02 09:30:00,13.3663,19.456,82.3247,82.898,78.8657,81.8263,81.9153,19.3777,19.244,20.135,18.8347,19.3033,0.0,180.0,0.0,180.0,0.3498,92.0499,0.0,180.0,0.0,180.0
2023-10-02 10:00:00,13.666,21.2937,79.6727,80.32,75.3807,79.115,79.247,20.215,20.024,21.215,19.686,20.1203,0.0,180.0,0.0,180.0,0.6178,110.4885,0.0,180.0,0.0,180.0
2023-10-02 10:30:00,13.4363,23.288,78.2527,78.7307,72.8207,77.8823,78.0527,20.6773,20.51,21.953,20.115,20.5433,0.0,180.0,0.0,180.0,0.5397,24.2587,0.0,180.0,0.0,180.0
2023-10-02 11:00:00,13.622,24.3233,77.2617,77.6933,74.3903,76.723,76.8667,20.9663,20.818,21.6437,20.4217,20.876,0.0,180.0,0.0,180.0,0.7611,59.7078,0.0,180.0,0.0,180.0
2023-10-02 11:30:00,13.6276,25.2434,76.0724,76.519,72.591,75.5524,75.84,21.4959,21.3162,22.3186,20.9517,21.3614,0.0,180.0,0.0,180.0,0.7049,49.7468,0.0,180.0,0.0,180.0
