Time(UTC),uu,uv,uw,uTs,uTc1,uH2O,vv,vw,vTs,vTc1,vH2O,ww,wTs,wTc1,wH2O,TsTs,Tc1Tc1,H2OH2O,u,v,w,Ts,Tc1,H2O,Uyp,WDy,WDyWDy,wgwg,wguy,wgTc2,uywg,uyTc2,Tc2Tc2,wg,Uy,Tc2,wdir_Y
2023-09-22 09:30:00,-999,-999,-999,-999,-999,-999,-999,-999,-999,-999,-999,-999,-999,-999,-999,-999,-999,-999,-999,-999,-999,-999,-999,-999,-999,189.6,3052.5625,0.343,-999,-999,-999,-999,-999,-0.043,-999,-999,179.1
2023-09-22 10:00:00,1.414,-0.237,-0.212,-0.008,-999,-0.011,1.52,-0.168,-0.023,-999,0.011,0.591,0.042,-999,0.063,0.064516,-999,0.096721,0.09,0.762,-0.048,21.18,-999,23.52,1.454,182.2,3438.6496,-999,-999,-999,1.006,-999,-999,-999,1.454,-999,180.6
2023-09-22 10:30:00,1.293,-0.23,-0.101,0.009,-999,0.006,1.564,-0.11,-0.081,-999,-0.051,0.623,0.066,-999,0.075,0.086436,-999,0.121801,0.224,0.547,-0.113,21.88,-999,23.57,1.274,190.7,3244.4416,0.349,0.0,-999,1.128,-999,-999,-0.083,1.274,-999,187.9
2023-09-22 11:00:00,1.373,-0.246,-0.201,-0.013,-999,-0.046,1.673,-0.071,-0.046,-999,0.029,0.613,0.075,-999,0.104,0.103041,-999,0.164025,0.146,0.412,-0.097,22.38,-999,23.2,1.431,193.2,3697.8561,0.32,-0.042,-999,1.047,-999,-999,-0.068,1.431,-999,178.7
2023-09-22 11:30:00,1.108,-0.413,-0.053,-0.033,-999,-0.037,1.733,-0.189,-0.023,-999,0.022,0.525,0.076,-999,0.099,0.0961,-999,0.1764,0.242,0.197,-0.004,22.7,-999,22.82,1.254,199.5,4158.9601,0.269,-0.037,-999,1.011,-999,-999,0.021,1.254,-999,192.6
2023-09-22 12:00:00,1.221,-0.145,-0.135,0.001,-999,-0.016,1.345,-0.149,-0.031,-999,-0.009,0.544,0.021,-999,0.064,0.012769,-999,0.0841,0.17,0.655,-0.069,22.3,-999,22.35,1.256,180.8,3469.21,-999,-999,-999,0.974,-999,-999,-999,1.256,-999,176.7
2023-09-22 12:30:00,0.652,-0.151,-0.089,-0.009,-999,-0.032,0.907,-0.04,-0.014,-999,0.013,0.294,0.021,-999,0.046,0.0196,-999,0.103684,0.126,0.169,-0.008,22.5,-999,22.66,0.8,184.0,3518.8624,0.134,-0.044,-999,0.681,-999,-999,0.02,0.8,-999,185.9
2023-09-22 13:00:00,0.657,-0.126,-0.045,-0.003,-999,-0.023,0.817,-0.102,-0.012,-999,0.015,0.285,0.013,-999,0.04,0.009409,-999,0.082944,0.293,0.215,-0.062,22.47,-999,22.86,0.928,216.1,2786.7841,0.156,-0.004,-999,0.591,-999,-999,-0.029,0.928,-999,200.9
2023-09-22 13:30:00,0.467,-0.088,-0.044,-0.012,-999,-0.043,0.792,-0.034,-0.016,-999,0.03,0.216,0.012,-999,0.037,0.010816,-999,0.098596,0.512,-0.152,0.027,22.22,-999,22.72,0.878,257.1,1877.4889,0.099,-0.004,-999,0.63,-999,-999,0.027,0.878,-999,229.0
2023-09-22 14:00:00,0.47,-0.155,-0.033,-0.008,-999,-0.021,0.783,-0.068,-0.007,-999,0.043,0.255,0.005,-999,0.03,0.0064,-999,0.082944,0.478,-0.337,-0.029,21.96,-999,22.66,0.911,262.1,1606.4064,0.125,0.033,-999,0.636,-999,-999,-0.03,0.911,-999,241.6
2023-09-22 14:30:00,0.541,-0.151,-0.069,-0.009,-999,0.0,0.696,-0.014,-0.009,-999,-0.056,0.218,0.013,-999,0.046,0.0121,-999,0.183184,0.43,-0.072,-0.054,21.95,-999,22.44,0.929,246.5,2515.0225,0.094,-0.019,-999,0.539,-999,-999,-0.029,0.929,-999,222.2
2023-09-22 15:00:00,0.351,-0.095,-0.027,0.002,-999,0.017,0.358,-0.02,-0.012,-999,0.002,0.152,-0.005,-999,0.02,0.005041,-999,0.061504,-0.001,0.405,-0.051,21.5,-999,22.86,0.673,173.9,1642.6809,0.068,-0.003,-999,0.375,-999,-999,-0.035,0.673,-999,175.0
2023-09-22 15:30:00,0.147,-0.019,-0.022,0.003,-999,-0.006,0.123,-0.007,-0.004,-999,0.007,0.073,-0.005,-999,0.017,0.003969,-999,0.045796,-0.214,0.341,-0.026,21.14,-999,23.77,0.435,129.9,959.7604,0.021,0.0,-999,0.239,-999,-999,-0.021,0.435,-999,142.3
2023-09-22 16:00:00,0.153,-0.033,-0.013,0.002,-999,-0.004,0.176,-0.019,0.001,-999,-0.003,0.069,-0.005,-999,0.009,0.005329,-999,0.030276,-0.141,0.489,0.001,20.94,-999,23.77,0.501,146.7,542.89,0.018,-0.008,-999,0.277,-999,-999,-0.011,0.501,-999,153.5
2023-09-22 16:30:00,0.064,-0.006,-0.005,0.002,-999,0.001,0.072,-0.012,-0.001,-999,0.0,0.032,-0.004,-999,0.007,0.009409,-999,0.042436,-0.094,0.332,-0.013,20.79,-999,23.84,0.237,122.3,135.4896,0.005,-0.006,-999,0.154,-999,-999,-0.008,0.237,-999,161.7
2023-09-22 17:00:00,0.042,0.003,-0.009,0.002,-999,-0.003,0.054,-0.006,0.004,-999,-0.005,0.021,-0.004,-999,0.003,0.0196,-999,0.04,-0.174,0.309,0.01,20.5,-999,24.05,0.17,138.6,135.2569,0.002,-0.002,-999,0.136,-999,-999,-0.002,0.17,-999,133.4
2023-09-22 17:30:00,0.038,-0.002,-0.003,0.001,-999,-0.006,0.034,-0.005,0.001,-999,0.009,0.016,-0.005,-999,0.016,0.023716,-999,0.367236,-0.153,0.258,0.009,20.22,-999,24.67,0.143,141.1,44.957025,0.002,-0.001,-999,0.109,-999,-999,-0.008,0.143,-999,141.7
2023-09-22 18:00:00,0.038,-0.004,-0.003,-0.003,-999,-0.003,0.065,-0.003,-0.018,-999,0.014,0.021,-0.001,-999,0.014,0.033489,-999,0.276676,-0.057,0.058,0.004,19.98,-999,20.89,0.051,122.3,52.809289,0.002,0.001,-999,0.045,-999,-999,-0.005,0.051,-999,137.8
2023-09-22 18:30:00,0.147,-0.053,-0.013,0.005,-999,-0.065,0.232,-0.012,-0.005,-999,0.031,0.078,-0.004,-999,-0.034,0.010404,-999,1.077444,0.326,-0.2,0.005,20.08,-999,21.57,0.433,273.4,393.6256,0.029,0.002,-999,0.264,-999,-999,0.003,0.433,-999,231.4
2023-09-22 19:00:00,0.163,0.011,-0.029,0.002,-999,-0.016,0.176,0.012,-0.005,-999,0.333,0.077,-0.006,-999,0.044,0.008281,-999,17.952169,0.63,-0.069,-0.035,19.62,-999,31.25,0.65,251.3,589.0329,0.021,-0.013,-999,0.307,-999,-999,-0.017,0.65,-999,244.0
2023-09-22 19:30:00,0.249,-0.016,-0.053,0.007,-999,-0.018,0.306,0.016,-0.008,-999,0.013,0.11,-0.006,-999,0.017,0.011449,-999,0.117649,0.592,0.019,0.005,18.99,-999,15.59,0.71,245.2,952.9569,0.036,-0.026,-999,0.387,-999,-999,0.011,0.71,-999,235.1
2023-09-22 20:00:00,0.204,0.002,-0.032,0.003,-999,-0.006,0.23,0.031,-0.009,-999,0.017,0.084,-0.004,-999,0.012,0.004489,-999,0.041209,0.424,-0.209,0.017,18.56,-999,14.8,0.555,274.3,666.6724,0.023,-0.017,-999,0.354,-999,-999,-0.015,0.555,-999,249.0
2023-09-22 20:30:00,0.218,0.021,-0.017,0.001,-999,-0.027,0.216,0.024,-0.007,-999,0.012,0.094,-0.002,-999,0.016,0.003481,-999,0.201601,0.506,-0.049,0.0,18.5,-999,16.19,0.588,253.6,745.8361,0.024,-0.003,-999,0.313,-999,-999,0.004,0.588,-999,240.5
2023-09-22 21:00:00,0.113,-0.041,-0.012,0.004,-999,0.009,0.115,0.001,-0.012,-999,-0.042,0.037,-0.003,-999,0.047,0.007921,-999,2.050624,0.227,0.0,-0.007,18.29,-999,19.38,0.321,245.4,402.8049,0.006,-0.004,-999,0.206,-999,-999,-0.018,0.321,-999,241.5
2023-09-22 21:30:00,0.032,-0.004,-0.003,-0.001,-999,0.021,0.03,-0.001,0.001,-999,0.005,0.014,-0.003,-999,0.006,0.012769,-999,0.098596,-0.156,0.338,-0.017,17.89,-999,14.87,0.237,147.2,62.615569,0.0,0.0,-999,0.156,-999,-999,-0.002,0.237,-999,160.4
2023-09-22 22:00:00,0.131,0.001,-0.015,0.006,-999,-0.003,0.187,-0.021,-0.013,-999,0.003,0.063,-0.004,-999,0.005,0.010609,-999,0.009801,0.245,-0.205,0.034,17.82,-999,14.34,0.394,274.5,868.4809,0.014,-0.001,-999,0.231,-999,-999,0.009,0.394,-999,230.6
2023-09-22 22:30:00,0.193,0.017,-0.02,0.001,-999,0.0,0.306,-0.037,0.004,-999,-0.008,0.103,-0.01,-999,0.007,0.0081,-999,0.009216,0.065,0.145,-0.02,17.66,-999,15.04,0.385,211.0,1199.9296,0.042,-0.018,-999,0.288,-999,-999,-0.024,0.385,-999,178.9
2023-09-22 23:00:00,0.214,0.001,-0.021,0.001,-999,0.003,0.368,-0.035,0.004,-999,-0.002,0.132,-0.01,-999,0.005,0.007569,-999,0.01,0.013,0.058,-0.032,17.8,-999,15.3,0.441,212.2,2305.9204,0.069,-0.017,-999,0.288,-999,-999,-0.045,0.441,-999,179.4
2023-09-22 23:30:00,0.201,-0.01,-0.034,0.003,-999,-0.004,0.256,-0.026,0.004,-999,0.002,0.126,-0.011,-999,0.007,0.008836,-999,0.010404,0.07,0.119,-0.028,17.92,-999,15.87,0.403,217.4,779.5264,0.062,-0.028,-999,0.308,-999,-999,-0.036,0.403,-999,200.5
2023-09-23 00:00:00,0.293,-0.069,-0.047,0.011,-999,-0.017,0.463,-0.018,-0.011,-999,-0.102,0.124,-0.006,-999,0.054,0.008464,-999,2.954961,0.371,-0.099,-0.01,17.97,-999,17.46,0.71,212.8,1460.7684,0.039,-0.006,-999,0.477,-999,-999,-0.013,0.71,-999,216.0
2023-09-23 00:30:00,0.121,0.002,-0.014,0.011,-999,0.012,0.143,-0.007,-0.003,-999,-0.033,0.04,-0.002,-999,-0.021,0.009409,-999,1.3225,0.051,0.108,0.016,17.67,-999,18.8,0.38,191.2,452.8384,0.005,-0.001,-999,0.25,-999,-999,0.001,0.38,-999,187.9
2023-09-23 01:00:00,0.149,-0.029,-0.009,0.003,-999,0.027,0.146,-0.013,0.005,-999,-0.07,0.067,-0.008,-999,0.003,0.009025,-999,0.329476,-0.154,0.38,-0.025,17.83,-999,18.19,0.456,150.9,497.29,0.012,-0.004,-999,0.252,-999,-999,-0.015,0.456,-999,152.0
2023-09-23 01:30:00,0.246,-0.058,-0.022,0.002,-999,0.001,0.284,-0.017,0.0,-999,-0.003,0.095,-0.005,-999,0.003,0.007056,-999,0.004761,-0.065,0.345,0.021,17.9,-999,15.97,0.551,166.4,1314.0625,0.023,-0.005,-999,0.294,-999,-999,0.001,0.551,-999,166.7
2023-09-23 02:00:00,0.231,-0.025,-0.028,0.003,-999,0.03,0.248,-0.02,0.005,-999,0.014,0.11,-0.008,-999,-0.021,0.005929,-999,0.133956,-0.172,0.381,-0.016,17.8,-999,18.0,0.54,145.0,1199.2369,0.034,-0.006,-999,0.291,-999,-999,-0.03,0.54,-999,158.5
2023-09-23 02:30:00,0.216,-0.031,-0.023,0.003,-999,-0.001,0.291,-0.034,-0.001,-999,-0.001,0.138,-0.009,-999,0.005,0.007744,-999,0.003481,-0.065,0.27,-0.012,17.83,-999,20.71,0.437,165.9,932.0809,0.054,-0.02,-999,0.305,-999,-999,-0.023,0.437,-999,163.9
2023-09-23 03:00:00,0.269,-0.079,-0.009,0.0,-999,0.009,0.306,-0.022,0.002,-999,-0.007,0.128,-0.011,-999,0.008,0.009604,-999,0.006889,-0.01,-0.002,-0.02,18.03,-999,20.7,0.472,198.1,2260.0516,0.065,0.004,-999,0.317,-999,-999,-0.019,0.472,-999,182.9
2023-09-23 03:30:00,0.291,-0.015,-0.045,-0.017,-999,0.014,0.352,-0.034,0.013,-999,0.004,0.127,-0.004,-999,-0.005,0.042849,-999,0.019044,-0.016,0.266,-0.023,18.14,-999,19.72,0.528,145.3,1531.1569,0.047,-0.018,-999,0.365,-999,-999,-0.02,0.528,-999,162.0
2023-09-23 04:00:00,0.176,-0.039,-0.003,-0.004,-999,0.007,0.212,-0.001,0.001,-999,0.001,0.09,-0.01,-999,0.002,0.015376,-999,0.007396,-0.065,-0.079,0.001,18.06,-999,18.32,0.254,127.0,1124.2609,0.025,-0.003,-999,0.204,-999,-999,-0.023,0.254,-999,164.0
2023-09-23 04:30:00,0.189,-0.022,-0.015,0.004,-999,0.013,0.256,-0.01,-0.001,-999,-0.002,0.075,-0.006,-999,0.004,0.01,-999,0.012321,-0.064,-0.01,0.03,18.28,-999,18.58,0.407,176.2,1478.4025,0.019,0.005,-999,0.277,-999,-999,-0.006,0.407,-999,174.8
2023-09-23 05:00:00,0.307,0.001,-0.035,0.006,-999,0.001,0.333,-0.01,-0.002,-999,0.004,0.145,-0.003,-999,0.001,0.006241,-999,0.003249,-0.013,0.331,-0.043,18.25,-999,19.99,0.608,163.0,1331.5201,0.039,-0.002,-999,0.367,-999,-999,-0.044,0.608,-999,163.3
2023-09-23 05:30:00,0.371,-0.04,-0.026,0.005,-999,0.002,0.394,-0.026,0.002,-999,-0.001,0.163,-0.008,-999,0.005,0.0064,-999,0.004624,0.112,0.153,0.011,18.07,-999,20.95,0.582,193.0,2153.8881,0.054,-0.016,-999,0.416,-999,-999,0.0,0.582,-999,174.7
2023-09-23 06:00:00,0.311,-0.021,-0.042,0.001,-999,-0.001,0.42,-0.052,-0.003,-999,0.003,0.185,-0.005,-999,0.002,0.005625,-999,0.0025,0.091,0.235,-0.049,18.09,-999,21.78,0.681,204.4,1743.0625,0.065,-0.015,-999,0.404,-999,-999,-0.044,0.681,-999,185.2
2023-09-23 06:30:00,0.426,-0.117,-0.075,0.004,-999,-0.003,0.537,-0.013,-0.004,-999,0.0,0.158,0.001,-999,0.008,0.002704,-999,0.009216,0.084,0.281,-0.03,18.47,-999,22.54,0.682,182.9,2151.1044,0.061,-0.024,-999,0.469,-999,-999,-0.028,0.682,-999,179.7
2023-09-23 07:00:00,0.473,-0.117,-0.076,0.003,-999,-0.001,0.531,-0.015,-0.001,-999,0.006,0.211,0.004,-999,0.014,0.003136,-999,0.015625,-0.006,0.298,0.015,18.93,-999,22.94,0.715,174.2,2569.4761,0.089,-0.007,-999,0.425,-999,-999,0.021,0.715,-999,168.6
2023-09-23 07:30:00,0.338,-0.024,-0.025,-0.006,-999,-0.012,0.56,-0.063,-0.017,-999,-0.02,0.217,0.006,-999,0.014,0.010816,-999,0.021316,0.077,0.331,-0.039,19.16,-999,23.04,0.708,183.2,1896.6025,0.097,-0.01,-999,0.494,-999,-999,-0.019,0.708,-999,182.6
2023-09-23 08:00:00,0.625,-0.132,-0.064,0.0,-999,0.004,0.63,-0.029,-0.015,-999,0.004,0.259,0.027,-999,0.03,0.026896,-999,0.041616,0.18,0.353,-0.001,19.8,-999,23.95,0.858,189.9,2784.6729,0.107,-0.02,-999,0.561,-999,-999,-0.007,0.858,-999,190.2
2023-09-23 08:30:00,0.745,-0.103,-0.097,-0.002,-999,0.0,0.791,-0.064,-0.009,-999,0.001,0.282,0.016,-999,0.018,0.0121,-999,0.018769,0.158,0.332,-0.065,19.87,-999,23.96,0.855,184.0,2667.7225,0.137,-0.038,-999,0.703,-999,-999,-0.04,0.855,-999,184.0
2023-09-23 09:00:00,0.755,-0.226,-0.036,-0.012,-999,-0.036,0.994,-0.088,0.003,-999,0.044,0.258,0.025,-999,0.016,0.044521,-999,0.104976,0.187,0.312,0.067,20.57,-999,24.45,1.002,204.3,3503.4561,0.095,-0.011,-999,0.645,-999,-999,0.042,1.002,-999,194.6
2023-09-23 09:30:00,0.397,-0.057,-0.051,0.001,-999,-0.887,0.42,-0.004,-0.004,-999,0.985,0.172,0.008,-999,0.181,0.009801,-999,23.951236,0.474,-0.301,-0.057,20.79,-999,23.42,0.762,264.9,1303.9321,0.059,0.001,-999,0.468,-999,-999,-0.034,0.762,-999,242.3
2023-09-23 10:00:00,-999,-999,-999,-999,-999,-999,-999,-999,-999,-999,-999,-999,-999,-999,-999,-999,-999,13.950225,-999,-999,-999,-999,-999,21.03,0.823,249.4,1582.4484,0.012,-0.008,-999,0.374,-999,-999,-0.011,0.823,-999,206.4
2023-09-23 10:30:00,-999,-999,-999,-999,-999,-999,-999,-999,-999,-999,-999,-999,-999,-999,-999,-999,-999,0.210681,-999,-999,-999,-999,-999,23.74,0.799,250.3,900.6001,0.019,-0.015,-999,0.52,-999,-999,-0.005,0.799,-999,233.8
2023-09-23 11:00:00,0.575,-0.272,0.029,0.025,-999,-0.071,0.85,-0.111,-0.124,-999,0.01,0.242,0.076,-999,0.101,0.145161,-999,0.444889,0.797,0.03,-0.079,23.43,-999,23.92,1.011,240.2,1141.0884,0.077,-0.031,-999,0.531,-999,-999,-0.043,1.011,-999,232.4
2023-09-23 11:30:00,0.689,-0.083,-0.112,-0.051,-999,-0.079,0.738,0.001,-0.003,-999,0.096,0.313,0.048,-999,0.091,0.059049,-999,0.318096,0.882,-0.308,-0.009,22.38,-999,24.56,1.19,255.6,1576.09,0.145,-0.032,-999,0.734,-999,-999,0.001,1.19,-999,240.0
2023-09-23 12:00:00,0.664,0.005,-0.088,-0.044,-999,-0.029,0.739,0.042,-0.005,-999,0.03,0.278,0.029,-999,0.06,0.051529,-999,0.259081,0.95,-0.268,-0.028,22.63,-999,24.06,1.257,258.7,1247.5024,0.114,-0.043,-999,0.763,-999,-999,-0.007,1.257,-999,249.1
2023-09-23 12:30:00,0.651,-0.054,-0.11,-0.093,-999,-0.098,0.65,0.039,0.022,-999,0.06,0.298,0.067,-999,0.104,0.09,-999,0.246016,0.846,-0.215,0.017,22.9,-999,23.98,1.159,254.6,1513.21,0.122,-0.054,-999,0.69,-999,-999,0.042,1.159,-999,232.6
2023-09-23 13:00:00,0.862,-0.106,-0.092,-0.093,-999,-0.139,0.814,0.066,0.016,-999,0.069,0.286,0.044,-999,0.087,0.091204,-999,0.2401,1.025,-0.266,-0.051,23.18,-999,23.76,1.348,256.5,1392.7824,0.102,-0.059,-999,0.951,-999,-999,-0.014,1.348,-999,246.2
2023-09-23 13:30:00,0.739,-0.088,-0.132,-0.036,-999,-0.043,0.866,0.005,0.03,-999,0.083,0.342,0.022,-999,0.056,0.024025,-999,0.112896,0.995,-0.291,0.005,22.75,-999,23.97,1.392,259.1,1437.9264,0.149,-0.069,-999,0.756,-999,-999,0.026,1.392,-999,243.7
2023-09-23 14:00:00,0.603,0.06,-0.107,-0.024,-999,-0.05,0.716,0.03,-0.009,-999,0.012,0.273,0.018,-999,0.048,0.009604,-999,0.070756,0.957,-0.191,-0.022,22.23,-999,23.92,1.21,256.6,1297.4404,0.113,-0.065,-999,0.7,-999,-999,0.01,1.21,-999,244.6
2023-09-23 14:30:00,0.375,-0.047,-0.061,-0.014,-999,-0.04,0.494,0.047,-0.001,-999,0.026,0.172,0.009,-999,0.039,0.005929,-999,0.148225,0.833,-0.081,0.004,22.0,-999,23.31,1.011,249.1,1004.89,0.056,-0.035,-999,0.519,-999,-999,0.003,1.011,-999,242.5
2023-09-23 15:00:00,0.328,-0.063,-0.047,-0.007,-999,-0.034,0.393,0.021,-0.002,-999,0.015,0.136,0.006,-999,0.022,0.004356,-999,0.052441,0.657,-0.139,-0.026,22.04,-999,24.46,0.803,249.3,874.9764,0.051,-0.024,-999,0.511,-999,-999,-0.014,0.803,-999,241.4
2023-09-23 15:30:00,0.271,-0.077,-0.049,-0.004,-999,-0.011,0.337,-0.014,-0.007,-999,0.019,0.122,0.006,-999,0.019,0.006724,-999,0.034969,0.605,-0.269,0.013,21.79,-999,24.58,0.813,260.8,963.4816,0.041,-0.014,-999,0.413,-999,-999,0.015,0.813,-999,250.1
2023-09-23 16:00:00,0.157,-0.014,-0.015,-0.004,-999,-0.003,0.225,-0.007,-0.01,-999,0.005,0.076,-0.005,-999,0.015,0.017424,-999,0.028224,0.473,-0.1,-0.035,21.87,-999,24.7,0.578,254.6,655.36,0.019,-0.007,-999,0.319,-999,-999,-0.018,0.578,-999,238.9
2023-09-23 16:30:00,0.236,-0.01,-0.021,0.004,-999,-0.016,0.229,0.011,-0.021,-999,0.016,0.084,-0.013,-999,0.011,0.038416,-999,0.052441,0.568,-0.063,0.029,21.61,-999,24.34,0.692,248.6,816.2449,0.022,-0.005,-999,0.381,-999,-999,0.002,0.692,-999,243.9
2023-09-23 17:00:00,0.263,-0.006,-0.038,0.02,-999,-0.023,0.251,0.013,-0.003,-999,-0.001,0.092,-0.014,-999,0.012,0.036864,-999,0.033856,0.524,0.035,-0.008,21.34,-999,23.68,0.642,246.4,750.2121,0.021,-0.016,-999,0.41,-999,-999,-0.008,0.642,-999,237.4
2023-09-23 17:30:00,0.083,0.009,-0.002,0.004,-999,-0.003,0.068,-0.001,-0.002,-999,0.001,0.028,-0.002,-999,0.001,0.0441,-999,0.032761,0.284,0.084,0.015,20.89,-999,24.0,0.235,231.9,177.4224,0.005,0.003,-999,0.173,-999,-999,0.009,0.235,-999,225.8
2023-09-23 18:00:00,0.291,-0.035,-0.024,0.012,-999,-0.026,0.31,0.0,-0.006,-999,0.008,0.12,-0.008,-999,0.015,0.012769,-999,0.039204,0.656,-0.122,-0.041,21.01,-999,23.87,0.788,247.2,622.0036,0.032,-0.01,-999,0.391,-999,-999,-0.023,0.788,-999,255.3
2023-09-23 18:30:00,0.032,-0.007,-0.003,0.009,-999,-0.009,0.043,0.003,-0.013,-999,0.017,0.016,-0.006,-999,0.006,0.037249,-999,0.068644,0.159,0.149,0.01,20.51,-999,23.86,0.117,220.4,69.8896,0.0,0.0,-999,0.1,-999,-999,-0.002,0.117,-999,217.5
2023-09-23 19:00:00,0.012,0.002,-0.001,0.0,-999,0.001,0.018,0.001,-0.004,-999,0.005,0.004,-0.003,-999,0.001,0.038416,-999,0.039601,-0.02,0.305,0.023,19.53,-999,23.74,0.069,165.9,1.127844,0.0,0.0,-999,0.061,-999,-999,-0.001,0.069,-999,166.1
2023-09-23 19:30:00,0.037,-0.01,0.001,-0.004,-999,0.007,0.035,-0.001,-0.003,-999,-0.003,0.014,-0.005,-999,0.002,0.026569,-999,0.014161,-0.126,0.235,0.004,19.56,-999,23.41,0.098,126.3,48.804196,0.0,0.0,-999,0.078,-999,-999,-0.002,0.098,-999,144.6
2023-09-23 20:00:00,0.019,-0.004,-0.002,-0.012,-999,0.003,0.018,0.001,0.0,-999,0.002,0.007,0.001,-999,0.0,0.061504,-999,0.009409,-0.158,0.205,0.033,19.3,-999,23.42,0.094,87.2,4.804864,0.0,0.0,-999,0.07,-999,-999,-0.001,0.094,-999,144.2
2023-09-23 20:30:00,0.012,-0.009,0.0,0.003,-999,0.004,0.017,0.001,-0.003,-999,0.0,0.002,-0.001,-999,0.0,0.013689,-999,0.0169,0.011,0.133,0.021,18.3,-999,22.92,0.091,63.92,0.619369,0.0,0.0,-999,0.055,-999,-999,-0.001,0.091,-999,153.0
2023-09-23 21:00:00,0.027,-0.005,-0.002,-0.008,-999,0.01,0.02,-0.001,0.0,-999,0.001,0.004,0.0,-999,-0.002,0.034225,-999,0.1369,-0.025,0.117,0.016,17.98,-999,17.38,0.037,68.45,4.571044,0.0,0.0,-999,0.03,-999,-999,-0.001,0.037,-999,162.8
2023-09-23 21:30:00,0.06,0.0,-0.008,-0.026,-999,-0.003,0.044,-0.001,-0.007,-999,0.0,0.021,-0.004,-999,0.001,0.151321,-999,0.007396,-0.096,0.167,0.002,18.22,-999,13.54,0.123,116.2,94.4784,0.0,0.0,-999,0.098,-999,-999,-0.001,0.123,-999,131.4
2023-09-23 22:00:00,0.047,-0.007,-0.002,-0.018,-999,0.004,0.046,-0.002,0.007,-999,0.007,0.025,-0.01,-999,-0.003,0.121801,-999,0.043264,-0.217,0.206,0.002,18.05,-999,15.3,0.167,113.9,102.8196,0.001,-0.001,-999,0.131,-999,-999,-0.002,0.167,-999,123.9
2023-09-23 22:30:00,0.061,-0.001,-0.004,-0.009,-999,0.006,0.069,-0.001,0.003,-999,-0.001,0.028,-0.007,-999,-0.001,0.065536,-999,0.010816,-0.164,0.247,-0.021,17.78,-999,18.15,0.233,135.0,179.56,0.001,0.0,-999,0.154,-999,-999,-0.006,0.233,-999,134.0
2023-09-23 23:00:00,0.06,-0.008,-0.004,-0.015,-999,0.001,0.061,-0.008,0.004,-999,0.001,0.031,-0.012,-999,-0.004,0.079524,-999,0.006241,-0.279,0.249,-0.002,17.47,-999,18.62,0.302,117.7,176.6241,0.0,0.001,-999,0.189,-999,-999,-0.001,0.302,-999,120.0
2023-09-23 23:30:00,0.049,-0.01,0.001,-0.011,-999,-0.001,0.048,-0.003,0.012,-999,0.002,0.02,-0.005,-999,-0.002,0.035344,-999,0.002401,-0.402,0.286,0.001,17.12,-999,18.54,0.427,109.6,137.3584,0.0,0.0,-999,0.225,-999,-999,0.0,0.427,-999,111.7
2023-09-24 00:00:00,0.038,-0.006,-0.002,-0.002,-999,0.005,0.046,-0.006,0.014,-999,-0.004,0.017,-0.007,-999,-0.003,0.0441,-999,0.038416,-0.303,0.209,-0.004,16.95,-999,16.69,0.253,111.3,93.1225,0.001,-0.002,-999,0.178,-999,-999,-0.004,0.253,-999,112.4
2023-09-24 00:30:00,0.086,-0.012,-0.006,-0.007,-999,-0.001,0.078,-0.005,0.012,-999,0.001,0.032,-0.009,-999,-0.003,0.058564,-999,0.012769,-0.321,0.358,-0.012,16.96,-999,13.99,0.442,126.6,246.8041,0.004,-0.001,-999,0.239,-999,-999,-0.004,0.442,-999,127.0
2023-09-24 01:00:00,0.074,0.002,-0.002,-0.002,-999,0.007,0.077,-0.007,0.014,-999,-0.003,0.025,-0.006,-999,-0.001,0.060025,-999,0.0196,-0.386,0.471,0.003,16.76,-999,15.61,0.57,124.0,217.8576,0.002,0.0,-999,0.268,-999,-999,-0.002,0.57,-999,124.5
2023-09-24 01:30:00,0.036,-0.007,-0.002,-0.003,-999,-0.006,0.036,-0.006,0.015,-999,0.003,0.013,-0.006,-999,0.001,0.040401,-999,0.015876,-0.175,0.343,-0.003,16.28,-999,16.31,0.282,131.0,68.89,0.0,0.0,-999,0.188,-999,-999,-0.001,0.282,-999,130.8
2023-09-24 02:00:00,0.059,-0.009,-0.003,-0.007,-999,0.022,0.071,-0.001,0.014,-999,0.023,0.015,-0.003,-999,-0.003,0.050176,-999,0.137641,-0.142,0.233,0.007,16.02,-999,11.03,0.198,118.3,111.5136,0.0,0.001,-999,0.162,-999,-999,0.001,0.198,-999,144.3
2023-09-24 02:30:00,0.056,-0.002,-0.001,-0.002,-999,-0.004,0.064,-0.008,0.002,-999,0.005,0.028,-0.008,-999,0.0,0.055696,-999,0.030625,-0.258,0.319,-0.01,15.89,-999,5.091,0.384,126.2,172.6596,0.001,-0.002,-999,0.193,-999,-999,-0.006,0.384,-999,123.4
2023-09-24 03:00:00,0.055,-0.016,0.0,-0.01,-999,0.001,0.063,-0.005,0.013,-999,0.001,0.02,-0.007,-999,-0.001,0.034969,-999,0.001681,-0.299,0.274,-0.012,15.52,-999,4.496,0.335,119.7,113.2096,0.0,-0.001,-999,0.208,-999,-999,-0.002,0.335,-999,115.8
2023-09-24 03:30:00,0.075,-0.014,-0.001,0.006,-999,0.001,0.09,-0.011,0.014,-999,0.002,0.036,-0.012,-999,-0.002,0.061504,-999,0.001369,-0.278,0.353,-0.039,15.44,-999,4.496,0.4,123.2,204.2041,0.002,-0.002,-999,0.233,-999,-999,-0.006,0.4,-999,127.0
2023-09-24 04:00:00,0.037,-0.006,-0.003,-0.008,-999,0.001,0.035,-0.001,0.011,-999,0.0,0.011,-0.003,-999,-0.001,0.042025,-999,0.0016,-0.306,0.254,0.006,15.06,-999,4.365,0.314,112.8,81.9025,0.0,0.001,-999,0.19,-999,-999,0.0,0.314,-999,118.8
2023-09-24 04:30:00,0.063,-0.006,-0.003,0.001,-999,0.001,0.06,-0.007,0.015,-999,0.0,0.022,-0.009,-999,-0.001,0.058081,-999,0.001296,-0.32,0.248,-0.028,15.04,-999,4.353,0.367,114.9,139.4761,0.001,0.0,-999,0.219,-999,-999,-0.004,0.367,-999,111.3
2023-09-24 05:00:00,0.021,-0.006,-0.002,-0.004,-999,0.001,0.022,-0.003,0.009,-999,0.0,0.008,-0.002,-999,0.0,0.020164,-999,0.001225,-0.258,0.139,-0.025,14.81,-999,4.278,0.134,109.0,20.711601,0.0,0.0,-999,0.106,-999,-999,-0.001,0.134,-999,109.3
2023-09-24 05:30:00,0.058,-0.014,0.001,-0.013,-999,0.001,0.071,-0.012,0.02,-999,0.002,0.023,-0.009,-999,-0.001,0.042025,-999,0.0036,-0.26,0.423,-0.019,14.81,-999,3.696,0.45,129.4,132.25,0.002,-0.004,-999,0.237,-999,-999,-0.008,0.45,-999,132.6
2023-09-24 06:00:00,0.094,-0.019,0.005,-0.007,-999,-0.003,0.113,-0.022,0.012,-999,-0.01,0.046,-0.01,-999,0.0,0.013924,-999,0.252004,-0.377,0.597,-0.035,15.36,-999,7.37,0.707,130.3,234.09,0.003,-0.006,-999,0.278,-999,-999,-0.011,0.707,-999,129.8
2023-09-24 06:30:00,0.06,-0.017,0.002,-0.002,-999,0.0,0.118,-0.01,0.01,-999,0.016,0.032,-0.007,-999,0.007,0.010609,-999,0.071289,-0.352,0.444,-0.014,15.69,-999,17.32,0.525,122.6,219.04,0.006,-0.003,-999,0.267,-999,-999,0.0,0.525,-999,120.2
2023-09-24 07:00:00,0.154,-0.044,0.013,0.003,-999,0.002,0.243,-0.025,0.008,-999,0.002,0.078,-0.004,-999,0.003,0.013689,-999,0.033124,-0.48,0.686,-0.033,16.48,-999,20.29,0.851,126.7,392.04,0.011,-0.012,-999,0.389,-999,-999,-0.014,0.851,-999,125.8
2023-09-24 07:30:00,0.185,-0.043,0.008,0.013,-999,0.008,0.22,-0.021,-0.035,-999,-0.027,0.084,0.014,-999,0.02,0.023104,-999,0.036481,-0.33,0.597,-0.023,17.67,-999,21.67,0.725,140.6,486.2025,0.009,-0.008,-999,0.359,-999,-999,-0.021,0.725,-999,137.5
2023-09-24 08:00:00,0.315,0.001,-0.019,-0.007,-999,-0.019,0.299,-0.046,-0.041,-999,-0.039,0.13,0.023,-999,0.044,0.037636,-999,0.096721,-0.114,0.626,-0.02,19.21,-999,22.04,0.775,156.5,1023.3601,0.036,-0.022,-999,0.441,-999,-999,-0.027,0.775,-999,156.7
2023-09-24 08:30:00,0.357,-0.067,-0.006,-0.008,-999,-0.015,0.327,-0.053,-0.034,-999,-0.021,0.167,0.03,-999,0.052,0.040804,-999,0.128881,-0.057,0.793,-0.052,20.46,-999,22.25,0.896,162.1,941.2624,0.046,-0.025,-999,0.426,-999,-999,-0.05,0.896,-999,163.6
2023-09-24 09:00:00,0.866,-0.168,0.024,0.003,-999,0.002,0.597,-0.09,-0.052,-999,-0.038,0.296,0.037,-999,0.054,0.0529,-999,0.111556,0.175,0.893,-0.024,21.25,-999,22.29,1.216,174.3,1656.49,0.137,-0.063,-999,0.658,-999,-999,0.025,1.216,-999,173.7
2023-09-24 09:30:00,0.553,-0.08,-0.036,-0.006,-999,-0.003,0.595,-0.081,-0.061,-999,-0.045,0.23,0.054,-999,0.076,0.081796,-999,0.173889,-0.068,0.87,-0.063,22.15,-999,22.83,1.097,160.8,1425.0625,0.092,-0.041,-999,0.585,-999,-999,-0.021,1.097,-999,163.7
2023-09-24 10:00:00,0.608,-0.048,-0.043,-0.003,-999,-0.003,0.691,-0.094,-0.083,-999,-0.058,0.262,0.057,-999,0.077,0.071824,-999,0.168921,-0.108,0.774,-0.061,22.8,-999,22.55,1.065,156.3,1632.16,0.116,-0.043,-999,0.61,-999,-999,-0.046,1.065,-999,158.8
2023-09-24 10:30:00,1.172,-0.132,-0.135,0.016,-999,0.003,1.14,-0.129,-0.08,-999,-0.058,0.407,0.048,-999,0.083,0.0676,-999,0.215296,0.144,0.863,-0.079,23.28,-999,22.12,1.353,180.6,2235.3984,0.193,-0.067,-999,1.074,-999,-999,-0.056,1.353,-999,178.3
2023-09-24 11:00:00,0.545,-0.046,-0.058,-0.009,-999,0.008,0.686,-0.049,-0.021,-999,0.028,0.256,0.034,-999,0.061,0.039601,-999,0.198025,0.079,0.409,-0.044,23.69,-999,22.3,0.874,178.1,2246.76,0.12,-0.022,-999,0.529,-999,-999,-0.005,0.874,-999,174.9
2023-09-24 11:30:00,1.025,-0.283,-0.093,-0.02,-999,-0.042,1.449,-0.17,-0.064,-999,-0.041,0.499,0.056,-999,0.104,0.050625,-999,0.172225,0.053,0.659,-0.087,23.83,-999,21.99,1.317,170.6,2998.6576,0.262,-0.092,-999,0.988,-999,-999,-0.049,1.317,-999,176.5
2023-09-24 12:00:00,1.076,-0.232,-0.1,0.021,-999,0.007,1.002,-0.113,-0.072,-999,-0.042,0.443,0.046,-999,0.095,0.061504,-999,0.238144,-0.077,0.891,-0.063,24.21,-999,22.13,1.347,161.1,2224.0656,0.225,-0.096,-999,0.957,-999,-999,-0.024,1.347,-999,162.3
2023-09-24 12:30:00,0.977,-0.167,-0.09,-0.02,-999,-0.054,1.054,-0.176,-0.068,-999,-0.041,0.473,0.046,-999,0.098,0.046225,-999,0.190096,-0.052,0.805,-0.045,24.35,-999,21.95,1.298,170.9,2309.7636,0.226,-0.098,-999,0.856,-999,-999,-0.019,1.298,-999,172.8
2023-09-24 13:00:00,0.922,-0.066,-0.103,-0.01,-999,-0.037,0.822,-0.089,-0.047,-999,-0.053,0.348,0.029,-999,0.084,0.033489,-999,0.183184,0.121,0.85,-0.084,24.57,-999,22.01,1.222,169.8,1989.16,0.17,-0.055,-999,0.789,-999,-999,-0.047,1.222,-999,169.2
2023-09-24 13:30:00,0.795,-0.071,-0.082,-0.011,-999,-0.039,0.953,-0.129,-0.073,-999,-0.05,0.344,0.03,-999,0.084,0.040401,-999,0.195364,0.046,0.714,-0.057,24.71,-999,22.05,1.111,162.6,2052.09,0.156,-0.078,-999,0.797,-999,-999,-0.043,1.111,-999,165.3
2023-09-24 14:00:00,0.893,-0.144,-0.044,-0.029,-999,-0.053,0.733,-0.111,-0.044,-999,-0.043,0.342,0.016,-999,0.079,0.027889,-999,0.169744,-0.16,0.888,-0.018,24.8,-999,22.14,1.248,152.1,2201.4864,0.148,-0.069,-999,0.624,-999,-999,0.016,1.248,-999,154.0
2023-09-24 14:30:00,0.663,-0.072,-0.041,-0.012,-999,-0.051,0.563,-0.071,-0.032,-999,-0.051,0.224,0.005,-999,0.068,0.022201,-999,0.178084,-0.138,0.864,-0.015,24.79,-999,22.03,1.112,151.3,1503.8884,0.093,-0.036,-999,0.624,-999,-999,0.008,1.112,-999,157.0
2023-09-24 15:00:00,0.626,-0.179,-0.017,-0.024,-999,0.016,0.601,-0.046,-0.023,-999,-0.058,0.204,-0.01,-999,0.047,0.035721,-999,0.114921,-0.217,0.9,-0.008,24.68,-999,21.71,1.128,146.8,1290.2464,0.079,-0.015,-999,0.721,-999,-999,0.015,1.128,-999,151.0
2023-09-24 15:30:00,0.627,-0.098,-0.041,-0.009,-999,0.016,0.557,-0.081,0.021,-999,-0.044,0.212,-0.03,-999,0.031,0.050176,-999,0.088209,-0.182,0.974,-0.058,24.56,-999,21.53,1.201,152.2,1449.3249,0.079,-0.061,-999,0.61,-999,-999,-0.032,1.201,-999,158.3
2023-09-24 16:00:00,0.235,-0.054,-0.013,-0.017,-999,0.014,0.267,-0.027,0.023,-999,-0.034,0.09,-0.022,-999,0.018,0.082944,-999,0.097344,-0.205,0.602,-0.002,24.25,-999,21.74,0.655,142.0,674.4409,0.028,-0.015,-999,0.411,-999,-999,-0.009,0.655,-999,146.1
2023-09-24 16:30:00,0.208,-0.036,0.013,0.002,-999,-0.007,0.186,-0.024,0.033,-999,-0.026,0.079,-0.031,-999,0.02,0.156816,-999,0.086436,-0.176,0.586,-0.019,23.76,-999,21.85,0.638,147.5,739.2961,0.02,-0.014,-999,0.343,-999,-999,-0.011,0.638,-999,149.5
2023-09-24 17:00:00,0.091,-0.004,-0.001,-0.001,-999,-0.002,0.1,-0.018,0.004,-999,0.0,0.051,-0.029,-999,0.016,0.257049,-999,0.088804,-0.161,0.381,-0.051,22.85,-999,22.08,0.364,141.6,265.3641,0.019,-0.007,-999,0.212,-999,-999,-0.025,0.364,-999,138.4
2023-09-24 17:30:00,0.091,-0.029,0.003,-0.016,-999,0.002,0.11,-0.012,0.058,-999,-0.021,0.037,-0.022,-999,0.008,0.294849,-999,0.057121,-0.155,0.428,-0.019,21.92,-999,22.37,0.357,143.4,229.2196,0.003,-0.003,-999,0.251,-999,-999,-0.01,0.357,-999,148.4
2023-09-24 18:00:00,0.097,-0.017,0.009,-0.042,-999,0.017,0.125,-0.017,0.011,-999,-0.005,0.048,-0.022,-999,0.006,0.190096,-999,0.0256,-0.179,0.245,-0.026,21.51,-999,22.39,0.28,114.4,344.8449,0.015,-0.013,-999,0.211,-999,-999,-0.016,0.28,-999,126.8
2023-09-24 18:30:00,0.05,-0.013,0.005,-0.024,-999,0.009,0.058,-0.008,0.003,-999,0.001,0.023,-0.018,-999,0.005,0.225625,-999,0.038809,-0.188,0.157,-0.001,20.82,-999,22.53,0.142,91.5,88.36,0.002,-0.001,-999,0.113,-999,-999,-0.002,0.142,-999,116.1
2023-09-24 19:00:00,0.089,-0.016,0.013,-0.014,-999,0.003,0.121,-0.019,0.036,-999,-0.007,0.051,-0.032,-999,0.008,0.215296,-999,0.027225,-0.164,0.264,0.002,20.71,-999,22.44,0.256,127.3,227.7081,0.009,-0.011,-999,0.192,-999,-999,-0.015,0.256,-999,133.5
2023-09-24 19:30:00,0.133,-0.022,0.004,-0.012,-999,0.004,0.157,-0.019,0.037,-999,-0.009,0.06,-0.032,-999,0.009,0.135424,-999,0.0196,-0.223,0.527,-0.009,20.7,-999,22.42,0.557,137.5,484.8804,0.012,-0.008,-999,0.292,-999,-999,-0.012,0.557,-999,138.2
2023-09-24 20:00:00,0.184,-0.063,0.011,-0.042,-999,0.014,0.236,-0.014,0.044,-999,-0.013,0.065,-0.023,-999,0.005,0.105625,-999,0.014161,-0.332,0.594,-0.02,20.36,-999,22.38,0.66,132.6,409.6576,0.011,-0.011,-999,0.363,-999,-999,-0.011,0.66,-999,134.4
2023-09-24 20:30:00,0.17,-0.046,0.013,-0.02,-999,0.005,0.269,-0.024,0.045,-999,-0.009,0.077,-0.021,-999,0.005,0.090601,-999,0.009604,-0.316,0.673,-0.033,19.93,-999,22.33,0.733,134.9,510.3081,0.014,-0.012,-999,0.395,-999,-999,-0.011,0.733,-999,136.3
2023-09-24 21:00:00,0.249,-0.084,0.01,-0.032,-999,0.011,0.371,-0.025,0.05,-999,-0.015,0.126,-0.025,-999,0.007,0.071824,-999,0.008836,-0.407,0.825,-0.022,19.82,-999,22.15,0.906,133.8,627.5025,0.035,-0.013,-999,0.466,-999,-999,-0.017,0.906,-999,135.4
2023-09-24 21:30:00,0.208,-0.03,-0.005,-0.014,-999,0.004,0.203,-0.027,0.021,-999,-0.005,0.078,-0.019,-999,0.004,0.050176,-999,0.004761,-0.276,0.624,-0.012,19.48,-999,22.04,0.694,137.0,589.5184,0.013,-0.005,-999,0.35,-999,-999,-0.001,0.694,-999,139.6
2023-09-24 22:00:00,0.161,-0.05,0.008,-0.012,-999,0.003,0.243,-0.027,0.031,-999,-0.008,0.081,-0.021,-999,0.006,0.049729,-999,0.004225,-0.341,0.766,-0.059,19.13,-999,21.97,0.799,137.8,402.0025,0.013,-0.017,-999,0.373,-999,-999,-0.028,0.799,-999,136.2
2023-09-24 22:30:00,0.305,-0.077,0.019,-0.018,-999,0.006,0.412,-0.043,0.033,-999,-0.008,0.131,-0.019,-999,0.005,0.055696,-999,0.005476,-0.37,0.813,-0.009,18.94,-999,21.88,0.954,135.3,708.6244,0.035,-0.018,-999,0.492,-999,-999,-0.005,0.954,-999,142.9
2023-09-24 23:00:00,0.368,-0.098,-0.003,-0.032,-999,0.008,0.455,-0.033,0.041,-999,-0.011,0.161,-0.025,-999,0.008,0.056169,-999,0.0049,-0.468,1.101,-0.012,18.92,-999,21.89,1.226,136.6,625.5001,0.038,-0.016,-999,0.562,-999,-999,-0.023,1.226,-999,137.1
2023-09-24 23:30:00,0.392,-0.125,0.013,-0.024,-999,0.005,0.457,-0.049,0.03,-999,-0.008,0.15,-0.018,-999,0.005,0.037249,-999,0.003969,-0.406,1.019,-0.015,18.79,-999,21.95,1.152,139.3,795.24,0.039,-0.032,-999,0.576,-999,-999,-0.017,1.152,-999,143.3
2023-09-25 00:00:00,0.244,-0.073,0.011,-0.009,-999,0.003,0.334,-0.048,0.026,-999,-0.007,0.109,-0.021,-999,0.006,0.041616,-999,0.0049,-0.287,0.843,-0.025,18.73,-999,21.83,0.925,142.4,635.5441,0.021,-0.021,-999,0.449,-999,-999,-0.025,0.925,-999,144.0
2023-09-25 00:30:00,0.236,-0.049,0.016,-0.021,-999,0.006,0.259,-0.048,0.029,-999,-0.006,0.126,-0.026,-999,0.006,0.044521,-999,0.004096,-0.387,0.805,-0.031,18.53,-999,21.7,0.907,136.2,554.1316,0.035,-0.025,-999,0.368,-999,-999,-0.026,0.907,-999,137.5
2023-09-25 01:00:00,0.424,-0.081,0.015,-0.023,-999,0.009,0.438,-0.046,0.033,-999,-0.012,0.17,-0.022,-999,0.008,0.034225,-999,0.005476,-0.539,1.147,-0.037,18.37,-999,21.54,1.312,135.0,761.2081,0.049,-0.041,-999,0.532,-999,-999,-0.026,1.312,-999,136.3
2023-09-25 01:30:00,0.455,-0.12,0.025,-0.034,-999,0.013,0.629,-0.094,0.062,-999,-0.022,0.2,-0.03,-999,0.01,0.039601,-999,0.006241,-0.647,1.305,-0.003,18.15,-999,21.38,1.493,133.3,617.0256,0.057,-0.056,-999,0.705,-999,-999,-0.013,1.493,-999,133.0
2023-09-25 02:00:00,0.403,-0.178,0.02,-0.033,-999,0.012,0.623,-0.063,0.048,-999,-0.016,0.183,-0.025,-999,0.008,0.034969,-999,0.005929,-0.58,1.206,-0.016,17.92,-999,21.23,1.386,135.3,698.5449,0.053,-0.04,-999,0.699,-999,-999,-0.012,1.386,-999,136.5
2023-09-25 02:30:00,0.283,-0.077,0.021,-0.026,-999,0.011,0.408,-0.046,0.037,-999,-0.014,0.156,-0.026,-999,0.007,0.035721,-999,0.005776,-0.514,1.036,-0.025,17.69,-999,21.13,1.167,134.5,584.6724,0.04,-0.025,-999,0.512,-999,-999,-0.021,1.167,-999,135.7
2023-09-25 03:00:00,0.364,-0.121,0.032,-0.021,-999,0.007,0.541,-0.066,0.034,-999,-0.009,0.164,-0.027,-999,0.006,0.0361,-999,0.005929,-0.359,0.779,-0.012,17.57,-999,21.0,0.919,135.5,971.5689,0.054,-0.042,-999,0.596,-999,-999,-0.019,0.919,-999,138.0
2023-09-25 03:30:00,0.404,-0.134,0.012,-0.03,-999,0.01,0.459,-0.045,0.039,-999,-0.013,0.18,-0.026,-999,0.007,0.031684,-999,0.005776,-0.466,0.998,0.014,17.57,-999,20.84,1.182,135.5,892.2169,0.058,-0.019,-999,0.529,-999,-999,0.006,1.182,-999,138.0
2023-09-25 04:00:00,0.474,-0.169,0.024,-0.036,-999,0.014,0.636,-0.082,0.051,-999,-0.017,0.187,-0.028,-999,0.009,0.039204,-999,0.006561,-0.451,1.109,-0.019,17.59,-999,20.73,1.282,140.7,947.4084,0.061,-0.048,-999,0.717,-999,-999,-0.017,1.282,-999,140.4
2023-09-25 04:30:00,0.272,-0.036,-0.011,-0.005,-999,0.0,0.333,-0.032,0.02,-999,-0.004,0.126,-0.021,-999,0.005,0.039601,-999,0.006241,-0.274,0.736,0.018,17.61,-999,20.72,0.852,142.0,830.5924,0.033,-0.014,-999,0.409,-999,-999,-0.002,0.852,-999,139.8
2023-09-25 05:00:00,0.22,-0.059,0.006,-0.018,-999,0.008,0.275,-0.025,0.034,-999,-0.011,0.092,-0.021,-999,0.007,0.033124,-999,0.006724,-0.282,0.784,-0.01,17.54,-999,20.75,0.85,142.8,588.5476,0.018,-0.012,-999,0.389,-999,-999,-0.018,0.85,-999,146.4
2023-09-25 05:30:00,0.245,-0.109,0.008,-0.016,-999,0.008,0.354,-0.033,0.027,-999,-0.012,0.096,-0.016,-999,0.006,0.025921,-999,0.007744,-0.407,0.874,-0.001,17.54,-999,20.76,0.96,136.9,481.8025,0.02,-0.023,-999,0.509,-999,-999,-0.013,0.96,-999,139.3
2023-09-25 06:00:00,0.187,-0.066,0.003,-0.009,-999,0.007,0.306,-0.032,0.02,-999,-0.015,0.085,-0.013,-999,0.01,0.020736,-999,0.012769,-0.427,0.769,-0.023,17.78,-999,20.8,0.86,131.7,406.0225,0.016,-0.012,-999,0.453,-999,-999,-0.02,0.86,-999,135.0
2023-09-25 06:30:00,0.194,-0.022,-0.002,0.001,-999,0.003,0.279,-0.043,0.008,-999,-0.021,0.1,-0.006,-999,0.012,0.010404,-999,0.019321,-0.404,0.829,-0.01,18.3,-999,20.96,0.964,134.3,685.9161,0.02,-0.013,-999,0.361,-999,-999,-0.006,0.964,-999,133.6
2023-09-25 07:00:00,0.146,-0.005,0.005,0.002,-999,0.01,0.205,-0.023,-0.005,-999,-0.021,0.078,0.0,-999,0.021,0.007921,-999,0.040804,-0.365,0.671,-0.021,19.05,-999,21.26,0.759,132.5,456.6769,0.015,-0.011,-999,0.323,-999,-999,-0.01,0.759,-999,132.2
2023-09-25 07:30:00,0.217,-0.04,-0.009,0.003,-999,-0.002,0.247,-0.022,-0.015,-999,-0.03,0.076,0.003,-999,0.025,0.011664,-999,0.0784,-0.203,0.408,-0.019,20.18,-999,21.67,0.529,129.6,611.0784,0.022,-0.011,-999,0.333,-999,-999,-0.018,0.529,-999,147.1
2023-09-25 08:00:00,0.448,-0.074,0.014,-0.003,-999,0.01,0.373,-0.054,-0.006,-999,-0.037,0.152,-0.002,-999,0.037,0.005776,-999,0.075625,-0.077,0.73,-0.013,20.81,-999,21.5,0.878,154.5,1273.0624,0.052,-0.028,-999,0.439,-999,-999,-0.012,0.878,-999,161.3
2023-09-25 08:30:00,0.452,-0.025,-0.03,-0.003,-999,0.0,0.435,-0.053,-0.037,-999,-0.043,0.192,0.02,-999,0.054,0.024336,-999,0.110224,-0.08,0.788,-0.036,21.47,-999,21.87,0.975,155.3,1319.8689,0.076,-0.026,-999,0.449,-999,-999,-0.016,0.975,-999,153.6
2023-09-25 09:00:00,0.496,-0.089,-0.036,0.009,-999,0.019,0.571,-0.044,-0.038,-999,-0.028,0.193,0.019,-999,0.046,0.018769,-999,0.104329,-0.012,0.77,-0.06,22.07,-999,22.11,1.031,163.2,1780.84,0.073,-0.027,-999,0.523,-999,-999,-0.017,1.031,-999,167.7
2023-09-25 09:30:00,-999,-999,-999,-999,-999,-999,-999,-999,-999,-999,-999,-999,-999,-999,-999,-999,0.173056,-999,-999,-999,-999,-999,17.15,-999,-999,161.8,1867.1041,0.1,-999,0.008,-999,-999,0.018,0.036,-999,17.04,157.7
2023-09-25 10:00:00,0.533,-0.08,0.003,0.003,-0.067,-999,0.493,-0.067,-0.066,-0.071,-999,0.152,0.052,0.053,-999,0.077841,0.107584,-999,-0.169,0.664,-0.034,23.33,17.64,-999,-999,148.2,1627.3156,0.06,-999,0.021,-999,-999,0.065,-0.015,-999,17.57,145.2
2023-09-25 10:30:00,0.571,-0.1,0.007,-0.008,-0.085,-0.016,0.498,-0.045,-0.02,-0.008,0.008,0.189,0.049,0.059,0.066,0.087025,0.130321,0.323761,-0.118,0.513,-0.02,24.07,18.4,23.15,0.912,151.7,2161.3201,0.083,-0.012,0.025,0.493,-0.08,0.081,0.014,0.913,18.42,165.5
2023-09-25 11:00:00,0.618,-0.135,-0.016,0.002,-0.057,0.0,0.516,-0.069,-0.044,-0.072,-0.024,0.206,0.039,0.064,0.079,0.0576,0.1089,0.227529,-0.279,0.835,-0.032,24.58,18.99,23.39,1.08,145.1,1276.6329,0.095,-0.048,0.021,0.603,-0.068,0.05,-0.006,1.08,18.94,146.9
2023-09-25 11:30:00,0.367,-0.057,-0.029,-0.005,-0.06,-0.012,0.458,-0.039,-0.037,-0.044,-0.013,0.162,0.036,0.059,0.079,0.076729,0.121801,0.315844,-0.031,0.567,-0.091,25.09,19.52,23.63,0.854,166.3,1373.4436,0.059,-0.01,0.018,0.451,-0.083,0.079,-0.039,0.854,19.49,165.4
2023-09-25 12:00:00,0.45,-0.058,-0.023,-0.009,-0.089,-0.041,0.392,-0.045,-0.016,-0.018,0.002,0.167,0.04,0.044,0.087,0.065536,0.093025,0.312481,0.054,0.441,-0.037,25.43,19.8,23.79,0.804,190.7,1932.4816,0.061,-0.011,0.017,0.416,-0.046,0.061,-0.015,0.804,19.78,180.8
2023-09-25 12:30:00,0.469,-0.122,-0.012,0.002,-0.041,-0.008,0.517,-0.085,-0.033,-0.042,-0.04,0.174,0.021,0.036,0.067,0.024025,0.050176,0.232324,-0.27,0.8,-0.049,25.63,20.02,24.01,1.061,143.3,1568.16,0.06,-0.043,0.007,0.469,-0.037,0.022,-0.009,1.061,19.93,152.3
2023-09-25 13:00:00,0.272,-0.05,-0.037,-0.029,-0.079,-0.031,0.381,-0.042,-0.034,-0.034,-0.024,0.136,0.034,0.05,0.073,0.070225,0.131769,0.269361,-0.042,0.491,-0.063,26.25,20.9,24.48,0.765,169.3,1224.3001,0.04,-0.009,0.011,0.377,-0.062,0.068,-0.015,0.765,20.8,172.2
2023-09-25 13:30:00,0.439,-0.135,-0.017,-0.003,-0.061,-0.018,0.432,-0.037,-0.041,-0.048,0.002,0.158,0.017,0.039,0.043,0.038809,0.097344,0.198025,-0.199,0.592,-0.021,26.5,21.14,24.42,0.891,153.7,1777.4656,0.07,-0.004,0.003,0.43,-0.048,0.039,-0.015,0.891,20.96,155.5
2023-09-25 14:00:00,0.261,-0.073,-0.03,0.005,-0.035,-0.017,0.278,-0.036,-0.02,-0.014,-0.022,0.104,0.006,0.022,0.036,0.017161,0.047524,0.168921,-0.038,0.358,-0.061,26.44,20.73,24.37,0.499,170.5,1343.9556,0.036,-0.008,-0.001,0.327,-0.018,0.016,-0.045,0.499,20.6,170.8
2023-09-25 14:30:00,0.243,-0.063,-0.015,0.004,-0.037,0.009,0.249,-0.014,-0.01,-0.006,-0.013,0.087,-0.001,0.005,0.037,0.027556,0.053824,0.323761,-0.098,0.285,-0.001,26.32,20.62,24.71,0.437,148.2,1516.3236,0.033,-0.001,-0.005,0.293,0.001,0.033,-0.002,0.437,20.47,161.6
2023-09-25 15:00:00,0.195,-0.078,-0.013,-0.006,-0.041,0.034,0.21,-0.013,-0.018,-0.003,0.013,0.084,0.0,0.012,0.028,0.037249,0.070225,0.329476,-0.167,0.281,-0.008,26.43,20.69,24.78,0.4,141.3,1090.9809,0.04,-0.007,-0.005,0.246,-0.004,0.045,-0.017,0.4,20.55,155.3
2023-09-25 15:30:00,0.126,-0.035,-0.018,0.005,-0.018,0.0,0.15,-0.011,-0.005,0.0,-0.025,0.051,-0.006,0.001,0.027,0.058081,0.09,0.537289,-0.064,0.28,0.015,26.28,20.4,25.16,0.34,158.4,315.0625,0.015,-0.005,-0.005,0.219,0.014,0.066,-0.001,0.34,20.3,166.4
2023-09-25 16:00:00,0.082,-0.009,-0.006,-0.013,-0.025,0.021,0.071,-0.004,-0.008,-0.013,0.013,0.029,-0.01,-0.005,0.022,0.093636,0.118336,0.440896,-0.018,0.185,-0.007,25.87,19.96,25.08,0.199,174.9,185.2321,0.005,-0.005,-0.004,0.141,0.032,0.099,-0.006,0.199,19.94,176.3
2023-09-25 16:30:00,0.024,-0.001,-0.001,-0.004,-0.016,0.008,0.038,-0.002,-0.014,-0.016,0.016,0.007,0.002,0.005,-0.001,0.094249,0.162409,0.410881,0.098,0.055,0.005,25.27,19.19,26.27,0.053,109.1,25.160256,0.001,0.0,0.0,0.043,0.003,0.129,0.003,0.053,19.21,228.1
2023-09-25 17:00:00,0.049,-0.004,0.003,-0.018,-0.024,0.008,0.048,-0.003,-0.035,-0.034,0.038,0.01,-0.002,-0.001,0.003,0.114244,0.1369,0.214369,0.159,-0.029,0.015,24.96,18.81,26.12,0.12,212.6,41.809156,0.001,0.001,0.001,0.095,-0.012,0.147,0.005,0.12,18.89,218.5
2023-09-25 17:30:00,0.018,0.001,0.001,-0.012,-0.022,0.011,0.02,0.0,-0.013,-0.019,0.009,0.005,0.0,0.003,-0.001,0.118336,0.197136,0.197136,-0.035,0.188,0.0,24.32,18.23,26.22,0.027,87.8,8.4681,0.0,0.001,0.001,0.025,0.002,0.188,0.001,0.027,18.3,186.7
2023-09-25 18:00:00,0.012,-0.001,-0.001,-0.005,-0.011,0.007,0.012,0.0,-0.013,-0.014,0.014,0.003,-0.003,-0.001,0.003,0.064009,0.100489,0.133956,0.049,0.08,0.004,23.98,17.77,26.43,0.001,21.13,0.0,0.0,0.0,0.0,0.001,0.0,0.1,-0.001,0.001,17.84,181.8
2023-09-25 18:30:00,0.008,-0.003,0.0,-0.003,-0.009,0.003,0.011,0.001,-0.007,-0.008,0.011,0.003,0.003,0.004,-0.002,0.071824,0.099225,0.118336,0.042,0.095,0.004,23.71,17.5,26.48,0.002,21.18,4.9e-05,0.0,0.0,0.0,0.002,0.0,0.109,-0.001,0.002,17.56,167.1
2023-09-25 19:00:00,0.006,-0.001,0.0,0.002,0.001,-0.002,0.005,0.0,-0.002,-0.002,0.004,0.001,0.0,-0.001,0.001,0.016129,0.017956,0.071824,0.192,-0.054,0.016,23.3,16.98,27.22,0.043,92.5,0.000196,0.0,0.0,0.0,0.032,0.001,0.017,-0.001,0.043,17.07,218.0
2023-09-25 19:30:00,0.009,-0.006,0.0,-0.001,-0.008,0.006,0.012,0.0,0.001,0.003,-0.008,0.001,0.0,0.0,-0.001,0.018769,0.042436,0.041209,-0.113,0.262,0.009,22.71,16.57,26.98,0.066,89.9,0.153664,0.0,0.0,0.0,0.051,0.004,0.022,-0.001,0.066,16.51,180.5
2023-09-25 20:00:00,0.006,-0.001,0.0,-0.002,-0.004,0.004,0.009,0.0,-0.006,-0.006,0.005,0.001,0.0,0.001,0.001,0.0196,0.024336,0.026244,0.124,-0.038,0.011,21.93,15.67,26.83,0.0,0.0,0.0,0.0,0.0,0.0,0.0,0.0,0.022,-0.001,0.0,15.77,177.0
2023-09-25 20:30:00,0.007,-0.006,0.0,0.002,-0.004,0.001,0.01,0.0,-0.003,0.004,0.0,0.0,0.0,0.0,0.0,0.008464,0.016384,0.004096,-0.028,0.005,0.008,21.35,15.21,26.33,0.0,0.0,0.0,0.0,0.0,0.0,0.0,0.0,0.006,-0.001,0.0,15.13,278.9
2023-09-25 21:00:00,0.005,-0.003,0.0,0.001,-0.003,-0.001,0.003,0.0,-0.001,0.001,0.002,0.001,0.0,0.0,-0.001,0.007056,0.019044,0.008836,0.124,-0.064,0.011,21.32,15.09,26.47,0.042,93.2,0.0004,0.0,0.0,0.0,0.036,0.001,0.005,-0.001,0.042,15.09,279.6
2023-09-25 21:30:00,0.007,-0.003,0.0,-0.003,-0.008,0.0,0.005,0.0,0.0,0.001,0.0,0.001,0.0,0.0,0.0,0.011881,0.040401,0.010609,-0.061,0.084,0.01,21.29,15.11,26.44,0.025,18.37,0.763876,0.0,0.0,0.0,0.021,0.001,0.011,-0.001,0.025,15.04,207.3
2023-09-25 22:00:00,0.005,-0.001,0.0,0.0,0.0,0.0,0.004,0.0,-0.002,-0.001,-0.003,0.001,0.0,0.0,0.0,0.013689,0.019881,0.019044,0.015,-0.062,0.014,20.9,14.69,25.89,0.014,92.8,1.6e-05,0.0,0.0,0.0,0.013,0.0,0.013,-0.001,0.014,14.65,148.7
2023-09-25 22:30:00,0.006,-0.005,0.0,0.001,-0.002,-0.001,0.011,0.001,-0.005,0.003,0.001,0.001,0.0,0.0,-0.001,0.010201,0.007396,0.023716,0.082,-0.117,0.018,20.41,14.11,23.96,0.041,93.1,0.072361,0.0,0.0,0.0,0.035,-0.001,0.005,-0.001,0.041,14.1,285.7
2023-09-25 23:00:00,0.003,-0.001,0.0,0.001,0.001,0.001,0.006,0.0,-0.002,-0.001,0.004,0.001,0.0,0.0,0.0,0.008836,0.009604,0.056169,0.0,-0.05,0.011,20.13,13.72,20.94,0.0,0.0,0.0,0.0,0.0,0.0,0.0,0.0,0.009,-0.001,0.0,13.72,291.2
2023-09-25 23:30:00,0.008,-0.004,0.0,-0.001,0.002,0.0,0.01,0.0,-0.006,-0.004,0.005,0.002,-0.001,0.0,0.0,0.039204,0.027889,0.037249,-0.26,0.0,0.011,20.04,13.65,18.25,0.119,35.93,3.164841,0.0,0.0,0.0,0.087,0.004,0.03,-0.001,0.119,13.75,113.5
2023-09-26 00:00:00,0.014,-0.003,-0.001,0.001,0.003,0.0,0.015,-0.001,0.006,0.005,-0.002,0.006,-0.002,0.001,-0.002,0.043264,0.028561,0.036864,-0.226,0.059,0.006,20.15,13.7,19.42,0.045,66.98,6.948496,0.0,0.0,0.0,0.039,0.013,0.044,0.0,0.045,13.83,89.2
2023-09-26 00:30:00,0.05,-0.017,0.002,-0.02,-0.018,0.003,0.069,-0.009,0.04,0.037,-0.01,0.022,-0.017,-0.008,0.004,0.118336,0.080656,0.055225,-0.282,0.272,0.009,20.44,14.05,23.06,0.34,116.3,103.6324,0.001,-0.003,-0.003,0.208,0.045,0.101,-0.006,0.34,14.16,116.2
2023-09-26 01:00:00,0.046,-0.015,0.002,-0.02,-0.021,0.014,0.067,-0.002,0.029,0.024,-0.008,0.018,-0.009,-0.003,0.005,0.068121,0.054756,0.040804,-0.159,0.388,0.006,20.57,14.31,24.24,0.352,142.0,98.01,0.0,-0.001,-0.001,0.202,0.034,0.067,-0.002,0.352,14.37,140.9
2023-09-26 01:30:00,0.032,-0.007,0.003,-0.006,-0.013,0.005,0.029,-0.003,0.008,0.002,-0.005,0.011,-0.004,-0.001,0.003,0.029929,0.033856,0.034225,-0.047,0.295,0.016,20.54,14.45,24.53,0.133,120.3,21.132409,0.0,0.0,0.0,0.088,0.012,0.029,-0.001,0.133,14.48,149.0
2023-09-26 02:00:00,0.013,-0.003,0.001,-0.001,-0.002,0.002,0.011,-0.001,0.002,-0.002,-0.003,0.003,-0.002,0.002,0.001,0.0289,0.045796,0.029241,-0.19,0.161,0.015,20.36,14.47,24.7,0.044,90.6,1.075369,0.0,0.0,0.0,0.038,0.007,0.032,-0.001,0.044,14.31,115.1
2023-09-26 02:30:00,0.08,-0.045,0.004,-0.024,-0.033,0.012,0.12,-0.009,0.035,0.033,-0.015,0.027,-0.012,-0.004,0.004,0.066049,0.061009,0.021609,-0.226,0.499,0.003,20.15,14.1,24.19,0.432,132.2,106.09,0.001,-0.001,-0.001,0.241,0.037,0.061,-0.001,0.432,14.11,133.8
2023-09-26 03:00:00,0.074,-0.021,0.003,-0.015,-0.019,0.009,0.097,-0.015,0.018,0.015,-0.009,0.034,-0.011,-0.005,0.004,0.049284,0.0441,0.0144,-0.17,0.473,0.003,19.72,13.66,23.8,0.4,135.8,145.6849,0.001,-0.001,-0.001,0.249,0.032,0.046,-0.002,0.4,13.69,140.2
2023-09-26 03:30:00,0.061,-0.024,-0.001,-0.015,-0.019,0.009,0.123,-0.003,0.029,0.024,-0.012,0.034,-0.007,0.0,0.003,0.050625,0.04,0.017424,-0.283,0.558,-0.007,19.45,13.43,23.49,0.547,134.1,144.9616,0.001,-0.001,-0.001,0.287,0.037,0.044,-0.003,0.547,13.45,132.3
2023-09-26 04:00:00,0.063,-0.023,0.003,-0.016,-0.019,0.008,0.083,-0.009,0.023,0.022,-0.013,0.029,-0.007,-0.001,0.004,0.045369,0.040804,0.0169,-0.293,0.439,0.002,19.47,13.47,23.42,0.485,123.3,114.9184,0.001,-0.001,-0.001,0.241,0.037,0.045,-0.002,0.485,13.48,127.9
2023-09-26 04:30:00,0.06,-0.02,0.005,-0.016,-0.02,0.01,0.072,-0.009,0.026,0.021,-0.012,0.021,-0.007,-0.002,0.003,0.046656,0.046656,0.017161,-0.237,0.386,0.007,19.28,13.34,23.34,0.356,88.0,68.7241,0.0,-0.001,-0.001,0.18,0.04,0.05,-0.002,0.356,13.29,143.5
2023-09-26 05:00:00,0.04,-0.01,0.003,-0.004,-0.01,0.0,0.052,-0.007,0.012,0.009,-0.01,0.019,-0.007,-0.004,0.006,0.035344,0.0324,0.043264,-0.08,0.44,0.002,19.19,13.16,23.33,0.316,154.5,65.1249,0.0,0.0,0.0,0.157,0.017,0.031,-0.002,0.316,13.2,156.9
2023-09-26 05:30:00,0.036,-0.007,0.001,-0.009,-0.016,0.01,0.033,-0.003,0.005,0.003,-0.004,0.014,-0.004,-0.002,0.004,0.041209,0.045796,0.038025,0.014,0.317,0.01,19.18,13.16,23.39,0.172,162.5,53.934336,0.0,0.0,0.0,0.123,0.01,0.041,-0.001,0.172,13.21,162.5
2023-09-26 06:00:00,0.052,-0.027,0.005,-0.008,-0.013,0.009,0.107,-0.012,0.009,0.003,-0.012,0.029,-0.006,-0.001,0.007,0.0169,0.0196,0.018769,-0.236,0.507,0.002,19.4,13.46,23.43,0.453,133.6,84.4561,0.0,0.0,0.0,0.255,0.016,0.017,-0.001,0.453,13.43,135.7
2023-09-26 06:30:00,0.055,-0.012,0.005,-0.001,-0.003,0.004,0.099,-0.01,0.001,-0.012,-0.008,0.039,-0.001,0.008,0.01,0.002916,0.01,0.020164,-0.347,0.596,-0.004,20.03,14.14,23.71,0.617,129.8,169.7809,0.0,0.0,0.0,0.251,0.003,0.002,-0.002,0.617,14.05,128.1
2023-09-26 07:00:00,0.106,-0.042,0.003,-0.001,-0.004,0.012,0.189,-0.019,0.002,-0.016,-0.027,0.058,-0.003,0.009,0.012,0.001764,0.007744,0.028561,-0.384,0.855,-0.033,20.5,14.59,23.9,0.891,136.8,214.0369,0.001,-0.003,0.0,0.352,0.001,0.002,-0.004,0.891,14.52,134.8
2023-09-26 07:30:00,0.164,-0.044,0.011,-0.003,-0.006,0.02,0.256,-0.024,0.002,-0.02,-0.028,0.086,-0.003,0.01,0.015,0.001936,0.008836,0.029929,-0.389,0.899,-0.052,20.79,14.87,24.14,0.929,135.6,345.2164,0.013,-0.012,0.0,0.393,-0.004,0.002,-0.019,0.929,14.81,135.6
2023-09-26 08:00:00,0.122,-0.048,-0.002,0.011,0.013,0.019,0.156,-0.016,-0.023,-0.057,-0.03,0.05,0.009,0.024,0.02,0.021025,0.0729,0.063001,-0.319,0.574,-0.024,21.39,15.64,24.53,0.591,135.2,277.5556,0.004,-0.005,0.001,0.304,-0.039,0.029,-0.007,0.591,15.47,137.0
2023-09-26 08:30:00,0.192,-0.081,0.008,0.015,0.01,0.029,0.312,-0.033,-0.033,-0.059,-0.043,0.091,0.011,0.024,0.025,0.016384,0.032041,0.054756,-0.558,1.067,-0.03,22.15,16.32,24.78,1.175,133.2,318.9796,0.013,-0.015,0.001,0.474,-0.037,0.013,-0.013,1.175,16.2,132.7
2023-09-26 09:00:00,0.296,-0.035,0.008,0.017,-0.023,0.019,0.178,-0.028,-0.04,-0.061,-0.03,0.086,0.029,0.042,0.036,0.043681,0.076176,0.099225,-0.374,0.708,-0.018,23.14,17.33,25.23,0.886,132.7,775.6225,0.02,-0.023,0.007,0.365,-0.039,0.024,-0.003,0.886,17.17,132.3
2023-09-26 09:30:00,0.295,-0.062,-0.005,0.009,-0.019,0.033,0.306,-0.031,-0.035,-0.05,-0.056,0.091,0.011,0.024,0.026,0.012544,0.031684,0.092416,-0.446,0.819,-0.036,23.71,17.82,24.96,1.03,132.3,740.3841,0.018,-0.013,0.002,0.418,-0.019,0.006,-0.015,1.03,17.69,133.3
2023-09-26 10:00:00,0.204,-0.056,0.001,-0.002,-0.032,-0.001,0.192,-0.016,-0.007,-0.011,-0.002,0.09,0.013,0.026,0.04,0.016641,0.037249,0.131044,-0.015,0.45,-0.019,24.05,18.15,25.41,0.569,160.9,961.6201,0.023,-0.006,0.005,0.302,-0.021,0.018,-0.011,0.569,18.06,166.9
2023-09-26 10:30:00,0.275,-0.055,0.005,0.003,-0.005,0.008,0.34,-0.035,-0.038,-0.066,-0.027,0.132,0.026,0.047,0.051,0.038025,0.064516,0.110224,-0.556,0.954,-0.087,24.48,18.63,25.51,1.187,129.7,725.2249,0.035,-0.025,0.011,0.453,-0.037,0.031,-0.049,1.187,18.55,130.4
2023-09-26 11:00:00,0.384,-0.055,0.032,0.034,-0.002,0.065,0.369,-0.035,-0.061,-0.086,-0.03,0.124,0.044,0.058,0.058,0.103041,0.149769,0.188356,-0.481,0.702,-0.018,25.45,19.78,25.99,1.001,126.4,997.2964,0.038,-0.04,0.019,0.498,-0.088,0.086,-0.004,1.001,19.63,131.6
2023-09-26 11:30:00,0.324,-0.095,0.006,0.03,-0.01,0.041,0.278,-0.016,-0.036,-0.032,-0.01,0.112,0.034,0.045,0.053,0.071824,0.103041,0.215296,-0.311,0.528,-0.002,26.21,20.51,26.22,0.767,141.0,888.6361,0.031,-0.006,0.007,0.393,-0.054,0.057,-0.006,0.767,20.35,143.1
2023-09-26 12:00:00,0.464,-0.114,-0.003,0.03,-0.011,0.058,0.459,-0.045,-0.06,-0.082,-0.059,0.164,0.035,0.052,0.055,0.058564,0.110224,0.1764,-0.391,0.769,-0.076,26.59,20.92,25.84,1.059,138.9,1095.61,0.059,-0.041,0.016,0.585,-0.073,0.061,-0.035,1.059,20.78,146.2
2023-09-26 12:30:00,0.281,-0.023,-0.014,0.001,-0.042,-0.012,0.307,-0.042,-0.009,-0.028,-0.018,0.11,0.007,0.017,0.043,0.022801,0.052441,0.1681,-0.208,0.643,-0.043,26.66,20.84,25.34,0.779,147.8,856.7329,0.027,-0.014,0.001,0.369,-0.023,0.033,-0.013,0.779,20.74,153.2
2023-09-26 13:00:00,0.315,-0.112,-0.003,0.014,-0.009,0.022,0.368,-0.035,-0.037,-0.051,-0.073,0.106,0.014,0.024,0.056,0.017956,0.039204,0.201601,-0.372,0.734,-0.031,26.68,20.91,25.35,0.842,134.8,634.5361,0.028,-0.02,0.002,0.536,-0.04,0.015,-0.012,0.842,20.77,141.0
2023-09-26 13:30:00,0.295,-0.09,0.01,0.014,-0.014,0.058,0.258,-0.027,-0.036,-0.054,-0.049,0.106,0.015,0.03,0.055,0.026896,0.065025,0.257049,-0.299,0.787,-0.038,26.74,21.05,25.55,0.924,145.6,525.3264,0.026,-0.028,0.003,0.423,-0.038,0.019,-0.023,0.924,20.92,143.9
2023-09-26 14:00:00,0.332,-0.052,0.014,0.001,-0.029,0.047,0.464,-0.05,-0.051,-0.074,-0.093,0.131,0.008,0.027,0.048,0.024649,0.066049,0.185761,-0.371,0.861,-0.059,26.8,21.21,25.39,1.033,138.4,850.8889,0.039,-0.027,0.001,0.513,-0.028,0.023,-0.03,1.033,21.04,141.3
2023-09-26 14:30:00,0.424,-0.165,0.048,-0.014,-0.024,0.073,0.518,-0.053,0.0,-0.009,-0.095,0.143,-0.008,-0.001,0.053,0.016129,0.030276,0.161604,-0.442,1.077,-0.02,26.72,20.98,24.98,1.194,138.0,708.0921,0.052,-0.038,-0.008,0.656,0.015,0.019,-0.009,1.194,20.88,139.3
2023-09-26 15:00:00,0.455,-0.15,0.053,-0.034,-0.045,0.087,0.389,-0.056,0.024,0.007,-0.101,0.125,-0.013,-0.004,0.046,0.027889,0.036481,0.177241,-0.419,0.938,-0.053,26.56,20.69,25.58,1.055,137.3,626.5009,0.035,-0.05,-0.009,0.661,0.045,0.028,-0.035,1.055,20.62,140.6
2023-09-26 15:30:00,0.234,-0.066,-0.002,-0.01,-0.021,0.02,0.276,-0.033,0.019,0.006,-0.05,0.096,-0.017,-0.006,0.036,0.034225,0.042025,0.119025,-0.196,0.704,-0.035,26.41,20.45,26.19,0.747,147.4,647.7025,0.027,-0.01,-0.009,0.428,0.026,0.035,-0.022,0.747,20.4,147.5
2023-09-26 16:00:00,0.223,-0.085,0.011,-0.041,-0.047,0.039,0.236,-0.034,0.03,0.021,-0.028,0.09,-0.019,-0.011,0.021,0.066049,0.061504,0.076729,-0.272,0.642,0.001,25.97,19.91,26.28,0.693,136.2,678.6025,0.017,-0.015,-0.008,0.389,0.042,0.06,0.001,0.693,19.9,145.4
2023-09-26 16:30:00,0.137,-0.057,0.011,-0.018,-0.023,0.009,0.165,-0.023,0.028,0.023,-0.012,0.046,-0.019,-0.012,0.011,0.1089,0.101761,0.064516,-0.036,0.466,-0.024,25.46,19.32,26.55,0.409,148.6,277.8889,0.012,-0.015,-0.004,0.291,0.037,0.11,-0.004,0.409,19.39,160.1
2023-09-26 17:00:00,0.035,-0.011,0.005,-0.001,-0.004,-0.001,0.048,-0.007,0.003,0.001,-0.001,0.019,-0.012,-0.007,0.006,0.204304,0.194481,0.0729,0.025,0.16,-0.006,24.88,18.66,26.56,0.058,131.0,13.242321,0.003,0.0,0.001,0.05,0.018,0.184,0.003,0.058,18.74,172.7
2023-09-26 17:30:00,0.038,-0.016,0.003,-0.013,-0.016,0.004,0.048,-0.004,0.014,0.015,-0.005,0.017,-0.011,-0.005,0.003,0.221841,0.201601,0.041616,-0.126,0.243,-0.008,24.39,18.14,26.38,0.121,136.8,48.038761,0.001,-0.002,-0.001,0.105,0.035,0.236,-0.004,0.121,18.27,139.1
2023-09-26 18:00:00,0.023,-0.004,0.001,0.003,-0.001,0.004,0.022,-0.002,-0.005,-0.006,0.001,0.011,-0.002,0.005,0.001,0.290521,0.258064,0.070756,-0.019,0.1,0.0,23.46,17.22,26.44,0.022,61.28,5.280804,0.0,0.0,-0.001,0.021,0.012,0.308,-0.001,0.022,17.36,161.0
2023-09-26 18:30:00,0.031,0.002,0.001,-0.041,-0.041,0.018,0.034,0.0,-0.02,-0.02,0.009,0.009,-0.005,0.001,0.001,0.277729,0.253009,0.049729,-0.079,0.102,0.0,23.15,16.9,26.27,0.059,95.1,8.608356,0.0,0.0,-0.001,0.049,0.024,0.31,-0.001,0.059,17.11,135.0
2023-09-26 19:00:00,0.034,0.0,0.002,-0.06,-0.056,0.021,0.045,0.001,-0.009,-0.01,0.007,0.011,-0.008,-0.002,0.002,0.412164,0.346921,0.056644,-0.254,0.177,0.0,23.05,16.84,26.02,0.161,97.6,85.1929,0.0,0.0,-0.001,0.126,0.065,0.392,-0.001,0.161,17.07,101.9
2023-09-26 19:30:00,0.034,-0.006,0.0,-0.016,-0.015,0.004,0.036,0.0,0.0,-0.001,0.001,0.018,-0.006,0.003,0.0,0.279841,0.206116,0.029584,-0.177,0.166,-0.001,22.76,16.57,25.84,0.112,98.0,50.098084,0.001,0.001,-0.001,0.094,0.023,0.256,0.0,0.112,16.76,117.9
2023-09-26 20:00:00,0.027,0.0,0.004,-0.011,-0.014,0.006,0.032,0.001,-0.021,-0.018,0.006,0.01,-0.002,0.003,0.0,0.229441,0.198025,0.037636,0.011,0.091,-0.001,22.11,15.91,25.95,0.027,133.9,6.110784,0.0,0.0,0.0,0.025,0.001,0.282,-0.001,0.027,16.1,166.9
2023-09-26 20:30:00,0.033,0.003,0.0,-0.004,-0.007,0.002,0.041,-0.002,-0.013,-0.013,0.008,0.008,-0.002,0.003,-0.001,0.318096,0.258064,0.047524,-0.115,0.267,0.0,22.27,16.08,25.85,0.121,93.4,33.616804,0.0,0.0,0.0,0.077,0.011,0.318,-0.001,0.121,16.31,139.3
2023-09-26 21:00:00,0.039,-0.017,-0.001,-0.018,-0.018,0.005,0.056,0.003,0.01,0.009,-0.001,0.014,-0.003,0.003,0.0,0.225625,0.170569,0.021904,-0.227,0.28,0.004,22.43,16.28,25.76,0.202,127.5,53.919649,0.001,0.0,-0.001,0.163,0.043,0.199,-0.001,0.202,16.42,122.6
2023-09-26 21:30:00,0.056,-0.005,-0.004,-0.004,-0.006,0.001,0.067,-0.009,0.021,0.019,-0.005,0.024,-0.015,-0.009,0.002,0.248004,0.184041,0.012544,-0.221,0.37,-0.006,22.15,16.01,25.72,0.275,135.7,124.3225,0.002,-0.004,-0.004,0.2,0.04,0.205,-0.007,0.275,16.14,136.5
2023-09-26 22:00:00,0.02,-0.004,0.0,-0.01,-0.009,0.002,0.018,0.0,0.004,0.003,0.0,0.004,-0.003,0.001,0.0,0.091204,0.073441,0.004761,-0.183,0.183,0.001,21.44,15.31,25.75,0.068,115.9,5.527201,0.0,0.0,0.0,0.062,0.013,0.088,-0.001,0.068,15.41,121.4
2023-09-26 22:30:00,-999,-999,-999,-999,-999,-999,-999,-999,-999,-999,-999,-999,-999,-999,-999,-999,-999,-999,-999,-999,-999,-999,-999,-999,-999,-999,-999,-999,-999,-999,-999,-999,-999,-999,-999,-999,-999
2023-09-26 23:00:00,-999,-999,-999,-999,-999,-999,-999,-999,-999,-999,-999,-999,-999,-999,-999,-999,-999,-999,-999,-999,-999,-999,-999,-999,-999,-999,-999,-999,-999,-999,-999,-999,-999,-999,-999,-999,-999
2023-09-26 23:30:00,-999,-999,-999,-999,-999,-999,-999,-999,-999,-999,-999,-999,-999,-999,-999,-999,-999,-999,-999,-999,-999,-999,-999,-999,-999,-999,-999,-999,-999,-999,-999,-999,-999,-999,-999,-999,-999
2023-09-27 00:00:00,-999,-999,-999,-999,-999,-999,-999,-999,-999,-999,-999,-999,-999,-999,-999,-999,-999,-999,-999,-999,-999,-999,-999,-999,-999,-999,-999,-999,-999,-999,-999,-999,-999,-999,-999,-999,-999
2023-09-27 00:30:00,-999,-999,-999,-999,-999,-999,-999,-999,-999,-999,-999,-999,-999,-999,-999,-999,-999,-999,-999,-999,-999,-999,-999,-999,-999,-999,-999,-999,-999,-999,-999,-999,-999,-999,-999,-999,-999
2023-09-27 01:00:00,-999,-999,-999,-999,-999,-999,-999,-999,-999,-999,-999,-999,-999,-999,-999,-999,-999,-999,-999,-999,-999,-999,-999,-999,-999,-999,-999,-999,-999,-999,-999,-999,-999,-999,-999,-999,-999
2023-09-27 01:30:00,-999,-999,-999,-999,-999,-999,-999,-999,-999,-999,-999,-999,-999,-999,-999,-999,-999,-999,-999,-999,-999,-999,-999,-999,-999,-999,-999,-999,-999,-999,-999,-999,-999,-999,-999,-999,-999
2023-09-27 02:00:00,-999,-999,-999,-999,-999,-999,-999,-999,-999,-999,-999,-999,-999,-999,-999,-999,-999,-999,-999,-999,-999,-999,-999,-999,-999,-999,-999,-999,-999,-999,-999,-999,-999,-999,-999,-999,-999
2023-09-27 02:30:00,-999,-999,-999,-999,-999,-999,-999,-999,-999,-999,-999,-999,-999,-999,-999,-999,-999,-999,-999,-999,-999,-999,-999,-999,-999,-999,-999,-999,-999,-999,-999,-999,-999,-999,-999,-999,-999
2023-09-27 03:00:00,-999,-999,-999,-999,-999,-999,-999,-999,-999,-999,-999,-999,-999,-999,-999,-999,-999,-999,-999,-999,-999,-999,-999,-999,-999,-999,-999,-999,-999,-999,-999,-999,-999,-999,-999,-999,-999
2023-09-27 03:30:00,-999,-999,-999,-999,-999,-999,-999,-999,-999,-999,-999,-999,-999,-999,-999,-999,-999,-999,-999,-999,-999,-999,-999,-999,-999,-999,-999,-999,-999,-999,-999,-999,-999,-999,-999,-999,-999
2023-09-27 04:00:00,-999,-999,-999,-999,-999,-999,-999,-999,-999,-999,-999,-999,-999,-999,-999,-999,-999,-999,-999,-999,-999,-999,-999,-999,-999,-999,-999,-999,-999,-999,-999,-999,-999,-999,-999,-999,-999
2023-09-27 04:30:00,-999,-999,-999,-999,-999,-999,-999,-999,-999,-999,-999,-999,-999,-999,-999,-999,-999,-999,-999,-999,-999,-999,-999,-999,-999,-999,-999,-999,-999,-999,-999,-999,-999,-999,-999,-999,-999
2023-09-27 05:00:00,-999,-999,-999,-999,-999,-999,-999,-999,-999,-999,-999,-999,-999,-999,-999,-999,-999,-999,-999,-999,-999,-999,-999,-999,-999,-999,-999,-999,-999,-999,-999,-999,-999,-999,-999,-999,-999
2023-09-27 05:30:00,-999,-999,-999,-999,-999,-999,-999,-999,-999,-999,-999,-999,-999,-999,-999,-999,-999,-999,-999,-999,-999,-999,-999,-999,-999,-999,-999,-999,-999,-999,-999,-999,-999,-999,-999,-999,-999
2023-09-27 06:00:00,-999,-999,-999,-999,-999,-999,-999,-999,-999,-999,-999,-999,-999,-999,-999,-999,-999,-999,-999,-999,-999,-999,-999,-999,-999,-999,-999,-999,-999,-999,-999,-999,-999,-999,-999,-999,-999
2023-09-27 06:30:00,-999,-999,-999,-999,-999,-999,-999,-999,-999,-999,-999,-999,-999,-999,-999,-999,-999,-999,-999,-999,-999,-999,-999,-999,-999,-999,-999,-999,-999,-999,-999,-999,-999,-999,-999,-999,-999
2023-09-27 07:00:00,-999,-999,-999,-999,-999,-999,-999,-999,-999,-999,-999,-999,-999,-999,-999,-999,-999,-999,-999,-999,-999,-999,-999,-999,-999,-999,-999,-999,-999,-999,-999,-999,-999,-999,-999,-999,-999
2023-09-27 07:30:00,-999,-999,-999,-999,-999,-999,-999,-999,-999,-999,-999,-999,-999,-999,-999,-999,0.077841,-999,-999,-999,-999,-999,15.68,-999,-999,117.5,56.355049,0.0,-999,0.0,-999,-999,0.013,-0.002,-999,15.68,111.0
2023-09-27 08:00:00,-999,-999,-999,-999,-999,-999,-999,-999,-999,-999,-999,-999,-999,-999,-999,-999,0.073984,-999,-999,-999,-999,-999,16.68,-999,-999,159.3,234.09,0.0,-999,0.0,-999,-999,0.05,-0.002,-999,16.54,148.0
2023-09-27 08:30:00,0.104,-0.016,0.009,0.002,-0.008,-0.084,0.108,-0.004,-0.016,-0.027,0.29,0.04,0.01,0.017,0.016,0.024964,0.054756,1.844164,-0.296,0.435,-0.012,23.66,17.57,25.56,0.515,128.1,311.5225,0.001,-0.001,0.0,0.222,-0.017,0.019,-0.003,0.515,17.42,144.1
2023-09-27 09:00:00,0.123,-0.009,0.021,0.005,0.012,0.01,0.18,-0.001,-0.007,0.015,0.008,0.057,0.003,0.011,0.012,0.008649,0.020736,0.021904,-0.561,0.164,-0.043,24.09,17.88,27.67,0.66,80.9,525.7849,0.003,-0.004,0.0,0.328,-0.01,0.005,-0.013,0.66,17.79,90.0
2023-09-27 09:30:00,0.067,0.006,0.01,-0.003,-0.011,0.007,0.069,-0.005,-0.007,-0.012,0.0,0.032,0.001,0.004,0.012,0.007396,0.016384,0.046656,0.012,0.273,-0.03,24.73,18.56,28.06,0.226,165.7,213.4521,0.0,0.0,0.0,0.138,-0.005,0.009,-0.001,0.226,18.53,155.6
2023-09-27 10:00:00,0.234,-0.077,0.021,0.006,-0.002,0.029,0.364,-0.045,-0.019,-0.044,-0.044,0.098,0.009,0.022,0.03,0.012769,0.0289,0.0676,-0.364,0.81,-0.031,25.42,19.31,28.16,0.901,137.2,638.5729,0.013,-0.017,0.003,0.483,-0.026,0.011,-0.016,0.901,19.23,140.3
2023-09-27 10:30:00,0.25,-0.031,0.044,0.009,0.009,0.024,0.352,-0.021,-0.034,-0.033,-0.018,0.13,0.01,0.023,0.03,0.023716,0.035721,0.074529,-0.567,0.625,-0.027,26.03,19.93,28.34,0.902,109.0,800.3241,0.037,-0.031,0.005,0.442,-0.028,0.018,-0.025,0.902,19.81,111.9
2023-09-27 11:00:00,0.417,-0.08,0.026,0.025,0.0,0.051,0.492,-0.05,-0.085,-0.088,-0.044,0.179,0.057,0.077,0.084,0.112896,0.156816,0.234256,-0.521,0.792,-0.019,27.1,21.38,28.08,1.108,124.3,1053.6516,0.065,-0.031,0.023,0.53,-0.083,0.094,-0.018,1.108,21.25,128.4
2023-09-27 11:30:00,0.627,-0.128,0.002,-0.007,-0.053,0.042,0.817,-0.066,-0.118,-0.172,-0.11,0.234,0.037,0.07,0.07,0.082944,0.148996,0.246016,-0.532,1.222,-0.065,27.53,21.81,27.1,1.458,136.7,1028.4849,0.081,-0.048,0.017,0.784,-0.115,0.065,-0.035,1.458,21.75,140.8
2023-09-27 12:00:00,0.63,-0.09,0.004,-0.019,-0.093,0.016,0.596,-0.081,-0.107,-0.141,-0.115,0.186,0.046,0.074,0.081,0.093636,0.177241,0.287296,-0.096,0.828,-0.014,27.94,22.28,27.17,1.125,152.2,1728.0649,0.063,-0.028,0.017,0.646,-0.121,0.094,0.015,1.125,22.22,154.1
2023-09-27 12:30:00,0.407,-0.052,0.034,-0.008,-0.053,0.026,0.449,-0.055,-0.049,-0.074,0.005,0.186,0.037,0.059,0.072,0.075076,0.131769,0.225625,-0.411,0.836,-0.043,28.22,22.58,27.06,1.063,140.0,1003.6224,0.065,-0.037,0.019,0.508,-0.066,0.057,-0.017,1.063,22.56,141.4
2023-09-27 13:00:00,0.549,0.087,0.056,-0.01,-0.025,0.062,0.608,-0.027,-0.074,-0.1,-0.032,0.205,0.027,0.054,0.065,0.070756,0.142884,0.242064,-0.687,0.841,-0.049,28.5,23.1,27.0,1.298,119.4,1176.49,0.082,-0.042,0.013,0.613,-0.065,0.057,-0.031,1.298,22.88,121.5
2023-09-27 13:30:00,0.441,-0.103,0.056,-0.012,-0.042,0.03,0.684,-0.061,-0.093,-0.148,-0.088,0.192,0.021,0.035,0.061,0.057121,0.1225,0.174724,-0.435,0.999,-0.027,28.61,23.08,27.15,1.209,135.2,1043.29,0.069,-0.051,0.004,0.653,-0.066,0.059,-0.004,1.209,22.95,135.7
2023-09-27 14:00:00,0.657,-0.154,0.092,0.003,-0.028,0.066,0.647,-0.071,-0.054,-0.082,-0.086,0.237,0.012,0.037,0.064,0.035344,0.069696,0.174724,-0.601,1.122,-0.013,28.3,22.72,27.08,1.416,130.6,1103.5684,0.1,-0.086,0.002,0.755,-0.038,0.028,0.005,1.416,22.53,132.7
2023-09-27 14:30:00,0.26,-0.036,0.022,-0.021,-0.04,0.031,0.259,-0.027,0.005,0.005,-0.047,0.089,-0.01,-0.003,0.029,0.030276,0.040401,0.156025,-0.217,0.63,-0.02,27.72,21.63,27.6,0.682,136.8,679.1236,0.028,-0.013,-0.006,0.396,0.026,0.034,-0.005,0.682,21.59,146.8
2023-09-27 15:00:00,0.119,-0.023,0.018,-0.026,-0.035,0.042,0.205,-0.021,0.003,0.001,-0.019,0.053,-0.012,-0.007,0.024,0.047961,0.059049,0.142129,-0.206,0.454,-0.005,27.43,21.25,27.95,0.473,135.1,399.6001,0.011,-0.011,-0.006,0.277,0.03,0.053,-0.001,0.473,21.23,145.0
2023-09-27 15:30:00,0.106,-0.011,0.005,-0.019,-0.025,0.029,0.171,-0.012,-0.004,-0.004,-0.002,0.058,-0.012,-0.004,0.02,0.042436,0.046225,0.091809,-0.306,0.398,-0.031,27.28,21.1,28.0,0.453,118.3,430.9776,0.013,-0.008,-0.005,0.294,0.025,0.045,-0.009,0.453,21.06,123.4
2023-09-27 16:00:00,0.154,-0.038,0.028,-0.029,-0.034,0.041,0.208,-0.029,0.012,0.01,-0.022,0.084,-0.016,-0.007,0.024,0.039601,0.036481,0.061009,-0.358,0.509,-0.047,27.08,20.86,28.27,0.582,116.9,442.6816,0.022,-0.025,-0.009,0.341,0.035,0.034,-0.03,0.582,20.84,125.3
2023-09-27 16:30:00,0.196,-0.054,0.016,-0.029,-0.035,0.028,0.271,-0.027,0.026,0.021,-0.02,0.09,-0.02,-0.011,0.016,0.050176,0.042849,0.032761,-0.353,0.59,-0.046,26.82,20.53,28.2,0.649,127.2,655.8721,0.021,-0.015,-0.01,0.406,0.044,0.045,-0.028,0.649,20.55,125.7
2023-09-27 17:00:00,0.196,-0.056,0.014,-0.044,-0.045,0.025,0.32,-0.041,0.067,0.059,-0.032,0.084,-0.023,-0.016,0.012,0.082369,0.063504,0.023104,-0.373,0.68,-0.018,26.34,20.04,27.98,0.767,129.7,548.4964,0.021,-0.017,-0.009,0.434,0.075,0.069,-0.01,0.767,20.09,132.3
2023-09-27 17:30:00,0.298,-0.043,0.02,-0.052,-0.05,0.027,0.306,-0.031,0.027,0.022,-0.01,0.105,-0.024,-0.015,0.01,0.067081,0.050625,0.015876,-0.512,0.777,-0.032,26.1,19.8,27.83,0.963,123.7,723.0721,0.024,-0.025,-0.009,0.501,0.059,0.058,-0.016,0.963,19.85,125.3
2023-09-27 18:00:00,0.209,-0.045,0.023,-0.049,-0.051,0.026,0.313,-0.027,0.056,0.048,-0.02,0.093,-0.03,-0.022,0.012,0.097344,0.080089,0.022201,-0.374,0.683,-0.022,25.74,19.47,27.63,0.801,134.9,550.3716,0.02,-0.018,-0.012,0.393,0.064,0.087,-0.019,0.802,19.51,136.0
2023-09-27 18:30:00,0.177,-0.044,0.012,-0.043,-0.045,0.024,0.193,-0.024,0.043,0.038,-0.018,0.068,-0.02,-0.012,0.008,0.083521,0.071289,0.019321,-0.271,0.572,-0.023,25.52,19.28,27.49,0.587,133.0,528.5401,0.008,-0.008,-0.006,0.345,0.057,0.078,-0.013,0.587,19.34,132.7
2023-09-27 19:00:00,0.148,-0.063,0.011,-0.033,-0.034,0.017,0.224,-0.025,0.051,0.043,-0.021,0.067,-0.021,-0.013,0.009,0.0784,0.065025,0.017956,-0.313,0.587,-0.038,25.38,19.14,27.46,0.607,127.1,293.0944,0.008,-0.009,-0.005,0.375,0.057,0.068,-0.01,0.607,19.19,126.8
2023-09-27 19:30:00,0.243,-0.131,0.031,-0.055,-0.053,0.032,0.469,-0.048,0.083,0.071,-0.038,0.1,-0.032,-0.023,0.015,0.076729,0.060516,0.021316,-0.44,0.697,-0.014,25.31,19.09,27.23,0.822,123.6,683.2996,0.021,-0.028,-0.01,0.609,0.091,0.064,-0.019,0.822,19.14,123.6
2023-09-27 20:00:00,0.305,-0.078,0.016,-0.04,-0.04,0.025,0.365,-0.026,0.046,0.036,-0.02,0.109,-0.021,-0.012,0.009,0.060516,0.049729,0.019881,-0.422,0.662,-0.009,25.2,18.99,27.0,0.813,127.6,696.96,0.028,-0.014,-0.006,0.51,0.059,0.055,-0.015,0.813,19.04,131.8
2023-09-27 20:30:00,-999,-999,-999,-999,-999,-999,-999,-999,-999,-999,-999,-999,-999,-999,-999,-999,-999,-999,-999,-999,-999,-999,-999,-999,-999,-999,-999,-999,-999,-999,-999,-999,-999,-999,-999,-999,-999
2023-09-27 21:00:00,-999,-999,-999,-999,-999,-999,-999,-999,-999,-999,-999,-999,-999,-999,-999,-999,-999,-999,-999,-999,-999,-999,-999,-999,-999,-999,-999,-999,-999,-999,-999,-999,-999,-999,-999,-999,-999
2023-09-27 21:30:00,-999,-999,-999,-999,-999,-999,-999,-999,-999,-999,-999,-999,-999,-999,-999,-999,-999,-999,-999,-999,-999,-999,-999,-999,-999,-999,-999,-999,-999,-999,-999,-999,-999,-999,-999,-999,-999
2023-09-27 22:00:00,-999,-999,-999,-999,-999,-999,-999,-999,-999,-999,-999,-999,-999,-999,-999,-999,-999,-999,-999,-999,-999,-999,-999,-999,-999,-999,-999,-999,-999,-999,-999,-999,-999,-999,-999,-999,-999
2023-09-27 22:30:00,-999,-999,-999,-999,-999,-999,-999,-999,-999,-999,-999,-999,-999,-999,-999,-999,-999,-999,-999,-999,-999,-999,-999,-999,-999,-999,-999,-999,-999,-999,-999,-999,-999,-999,-999,-999,-999
2023-09-27 23:00:00,-999,-999,-999,-999,-999,-999,-999,-999,-999,-999,-999,-999,-999,-999,-999,-999,-999,-999,-999,-999,-999,-999,-999,-999,-999,-999,-999,-999,-999,-999,-999,-999,-999,-999,-999,-999,-999
2023-09-27 23:30:00,-999,-999,-999,-999,-999,-999,-999,-999,-999,-999,-999,-999,-999,-999,-999,-999,-999,-999,-999,-999,-999,-999,-999,-999,-999,-999,-999,-999,-999,-999,-999,-999,-999,-999,-999,-999,-999
2023-09-28 00:00:00,-999,-999,-999,-999,-999,-999,-999,-999,-999,-999,-999,-999,-999,-999,-999,-999,-999,-999,-999,-999,-999,-999,-999,-999,-999,-999,-999,-999,-999,-999,-999,-999,-999,-999,-999,-999,-999
2023-09-28 00:30:00,-999,-999,-999,-999,-999,-999,-999,-999,-999,-999,-999,-999,-999,-999,-999,-999,-999,-999,-999,-999,-999,-999,-999,-999,-999,-999,-999,-999,-999,-999,-999,-999,-999,-999,-999,-999,-999
2023-09-28 01:00:00,-999,-999,-999,-999,-999,-999,-999,-999,-999,-999,-999,-999,-999,-999,-999,-999,-999,-999,-999,-999,-999,-999,-999,-999,-999,-999,-999,-999,-999,-999,-999,-999,-999,-999,-999,-999,-999
2023-09-28 01:30:00,-999,-999,-999,-999,-999,-999,-999,-999,-999,-999,-999,-999,-999,-999,-999,-999,-999,-999,-999,-999,-999,-999,-999,-999,-999,-999,-999,-999,-999,-999,-999,-999,-999,-999,-999,-999,-999
2023-09-28 02:00:00,-999,-999,-999,-999,-999,-999,-999,-999,-999,-999,-999,-999,-999,-999,-999,-999,-999,-999,-999,-999,-999,-999,-999,-999,-999,-999,-999,-999,-999,-999,-999,-999,-999,-999,-999,-999,-999
2023-09-28 02:30:00,-999,-999,-999,-999,-999,-999,-999,-999,-999,-999,-999,-999,-999,-999,-999,-999,-999,-999,-999,-999,-999,-999,-999,-999,-999,-999,-999,-999,-999,-999,-999,-999,-999,-999,-999,-999,-999
2023-09-28 03:00:00,-999,-999,-999,-999,-999,-999,-999,-999,-999,-999,-999,-999,-999,-999,-999,-999,-999,-999,-999,-999,-999,-999,-999,-999,-999,-999,-999,-999,-999,-999,-999,-999,-999,-999,-999,-999,-999
2023-09-28 03:30:00,-999,-999,-999,-999,-999,-999,-999,-999,-999,-999,-999,-999,-999,-999,-999,-999,-999,-999,-999,-999,-999,-999,-999,-999,-999,-999,-999,-999,-999,-999,-999,-999,-999,-999,-999,-999,-999
2023-09-28 04:00:00,-999,-999,-999,-999,-999,-999,-999,-999,-999,-999,-999,-999,-999,-999,-999,-999,-999,-999,-999,-999,-999,-999,-999,-999,-999,-999,-999,-999,-999,-999,-999,-999,-999,-999,-999,-999,-999
2023-09-28 04:30:00,-999,-999,-999,-999,-999,-999,-999,-999,-999,-999,-999,-999,-999,-999,-999,-999,-999,-999,-999,-999,-999,-999,-999,-999,-999,-999,-999,-999,-999,-999,-999,-999,-999,-999,-999,-999,-999
2023-09-28 05:00:00,-999,-999,-999,-999,-999,-999,-999,-999,-999,-999,-999,-999,-999,-999,-999,-999,-999,-999,-999,-999,-999,-999,-999,-999,-999,-999,-999,-999,-999,-999,-999,-999,-999,-999,-999,-999,-999
2023-09-28 05:30:00,-999,-999,-999,-999,-999,-999,-999,-999,-999,-999,-999,-999,-999,-999,-999,-999,-999,-999,-999,-999,-999,-999,-999,-999,-999,-999,-999,-999,-999,-999,-999,-999,-999,-999,-999,-999,-999
2023-09-28 06:00:00,-999,-999,-999,-999,-999,-999,-999,-999,-999,-999,-999,-999,-999,-999,-999,-999,-999,-999,-999,-999,-999,-999,-999,-999,-999,-999,-999,-999,-999,-999,-999,-999,-999,-999,-999,-999,-999
2023-09-28 06:30:00,-999,-999,-999,-999,-999,-999,-999,-999,-999,-999,-999,-999,-999,-999,-999,-999,-999,-999,-999,-999,-999,-999,-999,-999,-999,-999,-999,-999,-999,-999,-999,-999,-999,-999,-999,-999,-999
2023-09-28 07:00:00,-999,-999,-999,-999,-999,-999,-999,-999,-999,-999,-999,-999,-999,-999,-999,-999,-999,-999,-999,-999,-999,-999,-999,-999,-999,-999,-999,-999,-999,-999,-999,-999,-999,-999,-999,-999,-999
2023-09-28 07:30:00,-999,-999,-999,-999,-999,-999,-999,-999,-999,-999,-999,-999,-999,-999,-999,-999,-999,-999,-999,-999,-999,-999,-999,-999,-999,-999,-999,-999,-999,-999,-999,-999,-999,-999,-999,-999,-999
2023-09-28 08:00:00,-999,-999,-999,-999,-999,-999,-999,-999,-999,-999,-999,-999,-999,-999,-999,-999,-999,-999,-999,-999,-999,-999,-999,-999,-999,-999,-999,-999,-999,-999,-999,-999,-999,-999,-999,-999,-999
2023-09-28 08:30:00,-999,-999,-999,-999,-999,-999,-999,-999,-999,-999,-999,-999,-999,-999,-999,-999,0.032041,-999,-999,-999,-999,-999,17.87,-999,-999,206.8,2557.3249,0.126,-999,0.006,-999,-999,0.014,-0.001,-999,17.89,196.6
2023-09-28 09:00:00,-999,-999,-999,-999,-999,-999,-999,-999,-999,-999,-999,-999,-999,-999,-999,-999,0.034969,-999,-999,-999,-999,-999,18.35,-999,-999,255.1,2789.9524,0.167,-999,0.021,-999,-999,0.036,-0.053,-999,18.43,213.8
2023-09-28 09:30:00,0.688,-0.289,-0.057,0.024,-0.028,0.043,1.046,-0.071,-0.049,-0.015,0.009,0.287,0.021,0.029,0.034,0.026896,0.037249,0.096721,0.052,0.203,0.039,24.47,18.55,25.76,0.878,195.2,3781.0201,0.152,-0.004,0.012,0.687,-0.056,0.032,0.043,0.878,18.56,189.7
2023-09-28 10:00:00,0.641,-0.216,-0.034,0.014,-0.03,0.023,0.783,-0.053,-0.04,-0.034,-0.005,0.278,0.018,0.032,0.038,0.019881,0.030625,0.076176,-0.058,0.538,-0.036,24.52,18.58,25.77,0.954,168.7,2997.5625,0.151,0.006,0.012,0.593,-0.047,0.02,-0.023,0.954,18.53,173.8
2023-09-28 10:30:00,0.655,-0.097,-0.095,-0.008,-999,-0.011,0.833,-0.066,-0.016,-999,0.004,0.299,0.012,-999,0.026,0.012769,-999,0.073984,0.155,0.256,0.0,24.52,-999,25.77,0.893,204.4,2965.8916,0.142,-0.005,0.009,0.708,-0.031,0.011,0.008,0.893,18.51,186.1
2023-09-28 11:00:00,0.479,-0.143,-0.08,0.0,-0.019,0.011,0.811,-0.05,-0.021,-0.013,-0.003,0.257,0.013,0.023,0.036,0.010404,0.025921,0.059536,0.109,0.187,-0.02,24.63,18.6,25.68,0.798,204.3,2471.0841,0.116,-0.025,0.009,0.596,-0.025,0.011,-0.034,0.798,18.63,194.8
2023-09-28 11:30:00,0.729,-0.082,-0.117,-0.011,-0.046,-0.005,0.943,-0.061,-0.013,0.005,0.013,0.338,0.015,0.027,0.043,0.012996,0.020164,0.0784,0.106,0.313,-0.011,24.76,18.84,25.5,0.96,191.2,3738.0996,0.19,-0.027,0.008,0.612,-0.031,0.012,-0.019,0.96,18.82,188.3
