Time(UTC),batt_v_0,t_0,wspd_0,wdir_0,wspd_0_std,wspd_0_max,rh_0,zm,p_0,swd_0,swd_0_std,swu_0,lwd_0,lwu_0,t_rad_0,t_log_0,tilt_x,tilt_y
2023-09-22 09:30:00,3.559,14.83,0.0,180.0,0.0,0.0,78.43,2.009,1001.7,501.2,935.2,384.8,672.8,688.7,47.05,17.24,-0.6,-6.07
2023-09-22 10:00:00,4.135,15.14,0.0,180.0,0.0,0.0,78.21,2.008,1001.8,269.7,133.1,58.7,358.2,407.0,17.14,18.77,-0.55,-6.07
2023-09-22 10:30:00,4.88,15.78,0.0,180.0,0.0,0.0,76.41,2.016,1001.8,394.7,194.2,96.7,355.5,411.3,18.69,20.39,-0.6,-6.1
2023-09-22 11:00:00,5.226,16.6,0.0,180.0,0.0,0.0,73.79,2.026,1001.8,544.1,188.3,138.2,356.9,420.2,20.37,22.37,-0.57,-6.12
2023-09-22 11:30:00,5.222,17.32,0.0,180.0,0.0,0.0,70.42,2.032,1001.9,547.8,217.4,139.1,352.2,425.4,21.61,24.24,-0.6,-6.12
2023-09-22 12:00:00,5.234,17.72,0.0,180.0,0.0,0.0,67.7,2.037,1002.2,501.1,184.7,126.7,350.0,425.8,22.15,25.03,-0.57,-6.1
2023-09-22 12:30:00,5.231,16.91,0.0,180.0,0.0,0.0,68.56,2.044,1002.7,299.3,32.9,76.1,358.0,411.4,19.31,22.16,-0.6,-6.07
2023-09-22 13:00:00,5.228,17.17,0.0,180.0,0.0,0.0,69.02,2.032,1002.7,281.9,41.8,71.7,363.4,414.0,19.38,21.66,-0.62,-6.07
2023-09-22 13:30:00,5.236,16.98,0.0,180.0,0.0,0.0,70.09,2.025,1002.7,215.2,46.9,55.5,373.5,411.2,18.99,21.03,-0.6,-6.07
2023-09-22 14:00:00,5.238,16.69,0.0,180.0,0.0,0.0,70.41,2.017,1003.0,180.4,25.3,46.9,367.3,407.8,18.34,20.12,-0.6,-6.05
2023-09-22 14:30:00,5.239,16.37,0.0,180.0,0.0,0.0,71.68,2.018,1003.1,154.3,17.1,41.3,369.7,405.4,17.71,19.26,-0.57,-6.05
2023-09-22 15:00:00,5.24,16.46,0.0,180.0,0.0,0.0,70.78,2.02,1003.4,216.0,57.5,57.9,372.4,408.3,18.02,19.59,-0.62,-6.07
2023-09-22 15:30:00,5.255,15.89,0.0,180.0,0.0,0.0,73.73,2.024,1003.3,95.1,16.8,25.6,373.2,401.8,17.03,18.25,-0.6,-6.07
2023-09-22 16:00:00,5.253,15.34,0.0,180.0,0.0,0.0,78.82,1.99,1003.4,64.4,4.4,19.4,368.1,398.0,15.86,16.89,-0.57,-6.05
2023-09-22 16:30:00,5.254,15.03,0.0,180.0,0.0,0.0,80.34,2.011,1003.6,48.5,4.3,15.8,363.8,395.0,15.25,15.97,-0.6,-6.05
2023-09-22 17:00:00,5.253,14.85,0.0,180.0,0.0,0.0,81.13,2.02,1003.5,32.3,14.2,11.8,361.6,393.1,14.9,15.36,-0.6,-6.05
2023-09-22 17:30:00,5.225,14.4,0.0,180.0,0.0,0.0,83.46,2.017,1003.8,7.9,2.4,5.6,367.9,390.3,14.12,14.37,-0.57,-6.05
2023-09-22 18:00:00,5.206,14.07,0.0,180.0,0.0,0.0,86.25,2.024,1004.1,1.7,0.9,4.8,375.7,389.3,13.54,13.82,-0.62,-6.02
2023-09-22 18:30:00,5.187,13.71,0.0,180.0,0.0,0.0,89.91,1.979,1004.3,1.1,0.2,4.9,375.8,387.9,12.93,13.3,-0.62,-6.02
2023-09-22 19:00:00,5.167,13.68,0.0,180.0,0.0,0.0,90.43,1.998,1004.6,1.5,0.1,5.2,379.0,388.3,12.92,13.15,-0.6,-6.05
2023-09-22 19:30:00,5.153,13.16,0.0,180.0,0.0,0.0,91.58,2.014,1005.2,1.2,0.2,5.0,376.4,386.0,12.64,12.95,-0.62,-6.02
2023-09-22 20:00:00,5.134,12.74,0.0,180.0,0.0,0.0,89.4,2.007,1005.6,1.1,0.1,5.7,373.1,383.1,12.0,12.41,-0.62,-6.02
2023-09-22 20:30:00,5.114,12.55,0.0,180.0,0.0,0.0,89.78,1.981,1006.1,1.4,0.1,5.3,372.5,382.5,11.78,12.08,-0.6,-6.05
2023-09-22 21:00:00,5.103,12.42,0.0,180.0,0.0,0.0,91.93,1.972,1006.1,1.4,0.1,4.9,371.8,382.1,11.83,12.0,-0.6,-6.05
2023-09-22 21:30:00,5.087,12.25,0.0,180.0,0.0,0.0,92.36,1.987,1006.4,1.4,0.1,4.8,370.0,381.0,11.63,11.81,-0.62,-6.02
2023-09-22 22:00:00,5.071,11.87,0.0,180.0,0.0,0.0,94.14,1.976,1006.3,1.1,0.1,4.4,363.9,377.7,11.25,11.41,-0.65,-6.0
2023-09-22 22:30:00,5.054,11.66,0.0,180.0,0.0,0.0,94.35,1.974,1006.7,1.2,0.1,5.0,360.2,375.4,10.9,11.0,-0.62,-6.02
2023-09-22 23:00:00,5.038,11.52,0.0,180.0,0.0,0.0,93.85,1.972,1006.9,1.2,0.2,5.2,359.4,374.9,10.75,10.83,-0.6,-6.02
2023-09-22 23:30:00,5.025,11.63,0.0,180.0,0.0,0.0,92.25,1.973,1007.2,1.5,0.1,5.5,364.3,376.5,10.83,10.87,-0.62,-6.02
2023-09-23 00:00:00,5.006,11.8,0.0,180.0,0.0,0.0,90.51,2.015,1007.4,1.5,0.1,5.7,363.6,376.4,10.86,10.9,-0.62,-6.02
2023-09-23 00:30:00,4.985,11.94,0.0,180.0,0.0,0.0,91.08,2.021,1007.9,1.8,0.1,5.2,369.9,378.2,11.15,11.13,-0.65,-6.0
2023-09-23 01:00:00,4.971,11.61,0.0,180.0,0.0,0.0,93.99,2.02,1007.7,1.5,0.1,4.2,367.4,377.3,11.11,11.2,-0.62,-6.0
2023-09-23 01:30:00,4.955,11.52,0.0,180.0,0.0,0.0,95.6,2.024,1008.0,1.6,0.1,4.0,366.0,376.7,11.0,10.99,-0.65,-6.0
2023-09-23 02:00:00,4.94,11.5,0.0,180.0,0.0,0.0,95.63,2.024,1008.2,1.3,0.2,4.3,363.3,375.6,11.01,10.99,-0.62,-6.02
2023-09-23 02:30:00,4.925,11.45,0.0,180.0,0.0,0.0,95.57,2.02,1008.3,1.5,0.1,4.2,366.4,376.5,11.01,11.01,-0.62,-6.02
2023-09-23 03:00:00,4.912,11.45,0.0,180.0,0.0,0.0,95.81,2.022,1008.7,1.3,0.2,4.3,363.1,375.5,10.99,10.98,-0.62,-6.0
2023-09-23 03:30:00,4.891,11.55,0.0,180.0,0.0,0.0,95.65,2.021,1008.7,1.2,0.3,4.7,361.6,373.9,10.87,10.78,-0.62,-6.05
2023-09-23 04:00:00,4.873,11.6,0.0,180.0,0.0,0.0,95.5,2.023,1009.0,0.8,0.4,5.0,360.3,373.1,10.87,10.79,-0.62,-6.05
2023-09-23 04:30:00,4.857,11.45,0.0,180.0,0.0,0.0,95.78,2.016,1009.3,0.9,0.4,5.3,359.8,370.9,10.51,10.4,-0.6,-6.02
2023-09-23 05:00:00,4.844,11.67,0.0,180.0,0.0,0.0,95.87,2.015,1009.7,1.6,0.4,4.6,367.5,373.9,10.95,10.68,-0.62,-6.02
2023-09-23 05:30:00,4.829,11.72,0.0,180.0,0.0,0.0,95.65,2.013,1010.1,2.6,1.3,4.3,370.1,375.8,11.26,11.11,-0.62,-6.02
2023-09-23 06:00:00,4.818,11.59,0.0,180.0,0.0,0.0,95.56,2.022,1010.6,13.9,5.8,8.0,366.1,374.5,11.05,11.1,-0.62,-6.02
2023-09-23 06:30:00,4.886,11.67,0.0,180.0,0.0,0.0,95.1,2.009,1010.9,37.8,6.1,14.9,363.8,374.2,11.01,11.19,-0.62,-6.02
2023-09-23 07:00:00,5.028,12.22,0.0,180.0,0.0,0.0,93.97,1.982,1011.4,68.1,10.7,26.9,371.5,379.4,11.81,12.1,-0.62,-6.02
2023-09-23 07:30:00,5.239,12.86,0.0,180.0,0.0,0.0,92.86,1.981,1011.8,98.2,13.2,32.8,374.1,385.8,12.57,13.21,-0.62,-6.02
2023-09-23 08:00:00,5.242,13.45,0.0,180.0,0.0,0.0,91.68,1.987,1012.5,179.1,100.4,53.2,370.6,389.9,13.21,14.18,-0.65,-6.05
2023-09-23 08:30:00,5.231,14.18,0.0,180.0,0.0,0.0,89.66,2.077,1013.0,213.1,59.0,60.6,380.8,398.3,14.83,16.79,-0.62,-6.07
2023-09-23 09:00:00,5.235,14.13,0.0,180.0,0.0,0.0,90.08,2.064,1013.4,190.5,28.9,52.6,379.7,398.2,14.85,17.12,-0.62,-6.07
2023-09-23 09:30:00,5.233,14.8,0.0,180.0,0.0,0.0,88.68,2.076,1013.9,282.5,94.1,77.1,380.4,405.4,15.99,18.58,-0.62,-6.02
2023-09-23 10:00:00,5.243,14.69,0.0,180.0,0.0,0.0,90.87,2.026,1014.2,100.1,19.5,29.2,388.7,398.6,14.87,16.81,-0.62,-6.05
2023-09-23 10:30:00,5.246,14.29,0.0,180.0,0.0,0.0,92.98,2.008,1014.6,106.0,86.7,29.0,384.7,394.5,14.19,15.62,-0.6,-6.05
2023-09-23 11:00:00,5.236,15.83,0.0,180.0,0.0,0.0,87.63,2.021,1015.0,435.0,145.0,112.6,386.1,416.5,16.94,18.83,-0.62,-6.07
2023-09-23 11:30:00,5.232,16.75,0.0,180.0,0.0,0.0,82.24,2.004,1015.4,467.9,128.4,123.0,389.2,423.4,18.46,22.05,-0.6,-6.07
2023-09-23 12:00:00,5.222,17.12,0.0,180.0,0.0,0.0,77.6,2.004,1015.7,512.1,130.5,132.6,364.3,423.7,19.58,23.42,-0.65,-6.1
2023-09-23 12:30:00,5.232,17.33,0.0,180.0,0.0,0.0,78.11,2.026,1016.0,405.8,221.5,107.3,374.1,423.1,20.09,23.29,-0.62,-6.05
2023-09-23 13:00:00,5.233,17.73,0.0,180.0,0.0,0.0,73.31,2.033,1016.4,511.1,182.6,133.2,362.7,426.7,21.12,23.98,-0.62,-6.05
2023-09-23 13:30:00,5.234,17.98,0.0,180.0,0.0,0.0,71.4,2.039,1016.8,468.3,149.7,125.5,382.2,427.9,21.72,24.67,-0.62,-6.05
2023-09-23 14:00:00,5.235,17.19,0.0,180.0,0.0,0.0,74.55,2.028,1017.3,256.0,93.5,65.1,378.0,416.8,20.13,22.67,-0.62,-6.07
2023-09-23 14:30:00,5.239,16.54,0.0,180.0,0.0,0.0,76.74,2.022,1017.6,200.3,31.5,51.3,375.2,409.9,18.32,20.68,-0.62,-6.05
2023-09-23 15:00:00,5.246,16.25,0.0,180.0,0.0,0.0,79.15,2.027,1017.7,140.6,15.0,38.2,378.8,406.9,17.51,19.2,-0.6,-6.05
2023-09-23 15:30:00,5.256,16.22,0.0,180.0,0.0,0.0,80.25,2.033,1018.2,113.5,18.7,31.4,377.1,405.4,17.21,18.5,-0.65,-6.05
2023-09-23 16:00:00,5.251,15.97,0.0,180.0,0.0,0.0,81.59,2.03,1018.6,89.8,16.8,25.4,357.8,400.6,16.69,17.72,-0.6,-6.05
2023-09-23 16:30:00,5.254,16.03,0.0,180.0,0.0,0.0,81.91,2.022,1018.9,54.4,7.3,17.5,330.1,393.4,15.71,16.39,-0.62,-6.05
2023-09-23 17:00:00,5.256,15.51,0.0,180.0,0.0,0.0,83.02,2.024,1019.3,34.0,5.5,11.7,336.3,389.8,14.9,15.29,-0.65,-6.02
2023-09-23 17:30:00,5.239,15.29,0.0,180.0,0.0,0.0,80.91,2.015,1019.6,17.9,7.4,8.7,345.4,388.7,14.76,14.97,-0.6,-6.02
2023-09-23 18:00:00,5.222,14.69,0.0,180.0,0.0,0.0,84.93,2.002,1020.1,3.4,0.8,4.7,365.6,388.3,13.99,14.1,-0.62,-6.02
2023-09-23 18:30:00,5.2,14.89,0.0,180.0,0.0,0.0,83.33,2.007,1020.3,2.1,0.4,3.8,377.4,391.3,14.54,14.46,-0.62,-6.02
2023-09-23 19:00:00,5.176,14.35,0.0,180.0,0.0,0.0,85.59,2.013,1020.7,0.8,0.6,3.9,354.6,386.2,14.01,14.02,-0.62,-6.02
2023-09-23 19:30:00,5.165,13.27,0.0,180.0,0.0,0.0,91.46,2.01,1021.3,0.9,0.6,4.5,342.1,377.7,12.49,12.71,-0.6,-6.02
2023-09-23 20:00:00,5.149,13.14,0.0,180.0,0.0,0.0,91.63,2.003,1021.7,2.3,0.7,4.9,357.4,381.2,12.24,12.29,-0.62,-6.02
2023-09-23 20:30:00,5.132,12.99,0.0,180.0,0.0,0.0,91.68,1.999,1021.9,0.8,0.5,5.0,329.9,375.1,12.12,12.07,-0.62,-6.0
2023-09-23 21:00:00,5.118,11.89,0.0,180.0,0.0,0.0,94.57,1.99,1022.1,0.9,0.3,5.5,329.7,366.9,10.68,10.76,-0.65,-6.02
2023-09-23 21:30:00,5.102,11.39,0.0,180.0,0.0,0.0,96.13,1.991,1022.5,1.7,0.3,6.4,341.4,366.3,9.96,9.88,-0.62,-6.0
2023-09-23 22:00:00,5.089,11.38,0.0,180.0,0.0,0.0,96.52,1.999,1022.8,1.6,0.4,6.3,347.0,367.1,10.01,9.68,-0.65,-6.02
2023-09-23 22:30:00,5.072,11.31,0.0,180.0,0.0,0.0,96.43,2.002,1022.8,1.3,0.3,5.9,349.5,367.7,10.08,9.62,-0.65,-6.02
2023-09-23 23:00:00,5.055,11.15,0.0,180.0,0.0,0.0,96.32,1.999,1023.0,0.9,0.4,5.6,350.4,367.6,10.01,9.65,-0.62,-6.02
2023-09-23 23:30:00,5.042,10.98,0.0,180.0,0.0,0.0,96.36,1.976,1022.9,0.9,0.4,5.5,351.2,367.0,9.87,9.57,-0.65,-6.0
2023-09-24 00:00:00,5.025,10.69,0.0,180.0,0.0,0.0,96.49,2.005,1023.1,0.8,0.2,5.4,351.1,365.8,9.63,9.39,-0.65,-6.02
2023-09-24 00:30:00,5.009,10.37,0.0,180.0,0.0,0.0,96.81,2.013,1023.3,1.0,0.3,5.7,349.8,363.2,9.16,8.95,-0.62,-6.02
2023-09-24 01:00:00,4.992,10.38,0.0,180.0,0.0,0.0,96.83,2.009,1023.4,0.9,0.3,5.5,350.9,364.3,9.3,8.93,-0.62,-6.02
2023-09-24 01:30:00,4.976,10.19,0.0,180.0,0.0,0.0,96.5,2.011,1023.3,0.7,0.2,5.3,350.2,363.5,9.15,8.87,-0.65,-6.0
2023-09-24 02:00:00,4.958,9.76,0.0,180.0,0.0,0.0,96.78,2.004,1023.4,0.7,0.2,5.5,347.9,360.3,8.58,8.38,-0.65,-6.0
2023-09-24 02:30:00,4.939,9.41,0.0,180.0,0.0,0.0,97.11,2.02,1023.5,0.9,0.2,5.9,346.3,358.2,8.14,7.88,-0.65,-6.02
2023-09-24 03:00:00,4.923,9.29,0.0,180.0,0.0,0.0,97.08,2.022,1023.5,1.0,0.2,5.9,346.4,358.1,8.07,7.73,-0.67,-6.02
2023-09-24 03:30:00,4.912,8.99,0.0,180.0,0.0,0.0,96.98,2.011,1023.8,0.7,0.2,5.5,346.2,357.4,7.9,7.62,-0.62,-6.0
2023-09-24 04:00:00,4.894,8.82,0.0,180.0,0.0,0.0,97.0,2.017,1024.0,1.0,0.3,5.6,345.5,356.2,7.64,7.32,-0.67,-6.0
2023-09-24 04:30:00,4.883,8.65,0.0,180.0,0.0,0.0,96.9,2.018,1024.3,0.7,0.3,5.4,345.2,355.3,7.5,7.18,-0.65,-6.0
2023-09-24 05:00:00,4.867,8.6,0.0,180.0,0.0,0.0,96.93,2.002,1024.4,1.1,0.2,5.5,345.9,355.2,7.44,7.1,-0.65,-6.02
2023-09-24 05:30:00,4.847,8.37,0.0,180.0,0.0,0.0,96.98,1.992,1024.3,3.3,2.3,6.3,344.9,353.8,7.19,6.9,-0.65,-6.02
2023-09-24 06:00:00,4.86,8.5,0.0,180.0,0.0,0.0,97.11,2.0,1024.6,19.7,7.2,11.3,345.8,354.9,7.37,6.98,-0.65,-6.02
2023-09-24 06:30:00,4.941,9.16,0.0,180.0,0.0,0.0,95.64,2.007,1024.9,41.5,3.2,17.1,350.4,360.7,8.4,8.16,-0.65,-6.0
2023-09-24 07:00:00,5.073,9.63,0.0,180.0,0.0,0.0,94.19,2.071,1025.2,37.4,4.5,18.5,350.6,362.2,8.7,8.59,-0.67,-6.02
2023-09-24 07:30:00,5.217,11.44,0.0,180.0,0.0,0.0,88.2,1.977,1025.8,97.3,73.1,61.4,353.5,369.2,9.81,11.26,-0.62,-6.05
2023-09-24 08:00:00,5.219,13.55,0.0,180.0,0.0,0.0,82.01,2.005,1025.8,300.5,18.5,89.4,360.4,380.9,11.99,14.29,-0.65,-6.07
2023-09-24 08:30:00,5.217,14.91,0.0,180.0,0.0,0.0,77.99,2.021,1025.9,368.6,19.6,102.1,362.5,393.1,14.18,16.72,-0.62,-6.12
2023-09-24 09:00:00,5.219,16.17,0.0,180.0,0.0,0.0,73.63,2.036,1026.3,418.7,14.4,111.9,332.6,406.6,17.7,19.54,-0.62,-6.1
2023-09-24 09:30:00,5.22,16.47,0.0,180.0,0.0,0.0,73.09,2.083,1026.0,466.9,25.4,123.5,322.7,412.6,19.95,21.38,-0.65,-6.1
2023-09-24 10:00:00,5.218,17.45,0.0,180.0,0.0,0.0,71.35,2.089,1025.8,515.7,15.5,132.0,326.8,420.9,21.74,22.96,-0.62,-6.1
2023-09-24 10:30:00,5.222,18.2,0.0,180.0,0.0,0.0,67.87,2.082,1025.5,552.8,20.2,139.9,330.3,425.0,22.63,23.45,-0.65,-6.07
2023-09-24 11:00:00,5.225,18.39,0.0,180.0,0.0,0.0,64.55,2.085,1025.5,549.5,88.5,138.7,338.9,426.0,23.17,24.55,-0.65,-6.1
2023-09-24 11:30:00,5.228,18.82,0.0,180.0,0.0,0.0,63.62,2.063,1025.6,443.6,89.9,112.5,348.3,425.9,22.83,24.98,-0.62,-6.05
2023-09-24 12:00:00,5.219,19.01,0.0,180.0,0.0,0.0,62.28,2.066,1025.3,570.4,103.3,148.9,339.1,427.2,22.79,25.3,-0.62,-6.12
2023-09-24 12:30:00,5.223,19.56,0.0,180.0,0.0,0.0,61.19,2.067,1025.3,572.4,8.3,150.1,337.1,431.6,23.58,26.19,-0.65,-6.07
2023-09-24 13:00:00,5.223,19.75,0.0,180.0,0.0,0.0,60.09,2.057,1025.0,545.9,7.6,144.9,338.0,430.8,23.46,26.33,-0.62,-6.05
2023-09-24 13:30:00,5.233,20.05,0.0,180.0,0.0,0.0,59.39,2.059,1024.7,500.0,80.7,134.1,338.7,430.8,23.4,26.04,-0.62,-6.1
2023-09-24 14:00:00,5.227,19.87,0.0,180.0,0.0,0.0,59.8,2.047,1024.5,465.2,16.0,127.6,339.3,429.7,23.56,23.94,-0.62,-6.02
2023-09-24 14:30:00,5.23,20.04,0.0,180.0,0.0,0.0,59.86,2.05,1024.2,410.9,18.1,116.9,339.2,426.2,22.88,24.47,-0.62,-6.05
2023-09-24 15:00:00,5.24,19.97,0.0,180.0,0.0,0.0,59.71,2.048,1023.8,344.5,19.2,102.8,338.7,424.0,22.81,25.02,-0.65,-6.02
2023-09-24 15:30:00,5.254,20.29,0.0,180.0,0.0,0.0,57.64,2.051,1023.7,276.4,24.7,73.8,337.3,415.5,21.98,23.69,-0.62,-6.02
2023-09-24 16:00:00,5.259,19.07,0.0,180.0,0.0,0.0,60.15,2.035,1023.7,49.8,19.5,13.7,333.9,399.9,19.16,20.33,-0.62,-6.02
2023-09-24 16:30:00,5.262,18.43,0.0,180.0,0.0,0.0,62.81,2.037,1023.6,36.4,2.8,12.2,331.3,393.4,17.45,18.21,-0.6,-6.05
2023-09-24 17:00:00,5.254,17.61,0.0,180.0,0.0,0.0,65.65,2.046,1023.4,25.5,3.7,9.1,328.3,388.8,16.51,16.92,-0.62,-6.02
2023-09-24 17:30:00,5.223,16.36,0.0,180.0,0.0,0.0,70.51,2.039,1023.2,12.3,4.0,7.3,326.4,381.7,15.12,15.42,-0.6,-6.02
2023-09-24 18:00:00,5.203,15.38,0.0,180.0,0.0,0.0,75.01,2.038,1023.2,2.6,1.2,6.0,324.9,376.7,13.88,14.06,-0.62,-6.0
2023-09-24 18:30:00,5.183,14.66,0.0,180.0,0.0,0.0,78.12,2.029,1023.3,1.5,0.4,6.2,322.5,373.7,13.03,12.99,-0.62,-6.0
2023-09-24 19:00:00,5.167,13.88,0.0,180.0,0.0,0.0,81.94,2.027,1023.1,1.6,0.4,5.9,322.3,370.8,12.28,12.14,-0.65,-6.0
2023-09-24 19:30:00,5.148,13.75,0.0,180.0,0.0,0.0,82.7,2.062,1023.0,2.6,0.4,6.4,331.9,373.1,12.05,11.75,-0.65,-6.02
2023-09-24 20:00:00,5.132,14.27,0.0,180.0,0.0,0.0,80.28,2.066,1023.0,2.0,0.5,6.4,325.3,375.3,12.69,12.01,-0.62,-6.0
2023-09-24 20:30:00,5.109,14.04,0.0,180.0,0.0,0.0,80.61,2.042,1022.8,1.2,0.4,5.9,319.4,374.2,12.69,12.09,-0.62,-6.02
2023-09-24 21:00:00,5.101,13.61,0.0,180.0,0.0,0.0,81.97,2.05,1022.5,1.3,0.4,6.0,318.6,373.0,12.28,11.83,-0.65,-6.0
2023-09-24 21:30:00,5.087,13.62,0.0,180.0,0.0,0.0,81.33,2.067,1022.5,1.4,0.4,6.1,318.4,373.6,12.27,11.73,-0.65,-6.02
2023-09-24 22:00:00,5.064,13.31,0.0,180.0,0.0,0.0,81.86,1.983,1022.4,1.0,0.4,5.6,318.0,372.2,12.21,11.79,-0.65,-6.0
2023-09-24 22:30:00,5.049,12.98,0.0,180.0,0.0,0.0,82.91,2.001,1022.1,1.2,0.2,5.8,316.6,371.1,11.75,11.41,-0.62,-6.02
2023-09-24 23:00:00,5.034,12.85,0.0,180.0,0.0,0.0,83.06,2.065,1021.9,1.3,0.3,5.9,315.5,371.6,11.65,11.27,-0.62,-6.0
2023-09-24 23:30:00,5.019,12.94,0.0,180.0,0.0,0.0,82.72,2.069,1021.8,1.0,0.2,5.6,316.1,373.0,11.92,11.46,-0.65,-6.0
2023-09-25 00:00:00,4.984,12.82,0.0,180.0,0.0,0.0,83.43,2.008,1021.9,1.0,0.3,5.4,318.1,372.8,11.89,11.51,-0.65,-6.0
2023-09-25 00:30:00,4.984,12.68,0.0,180.0,0.0,0.0,83.54,2.039,1021.9,1.1,0.2,5.5,317.3,371.5,11.65,11.33,-0.62,-6.02
2023-09-25 01:00:00,4.971,12.48,0.0,180.0,0.0,0.0,83.7,2.047,1021.9,1.2,0.3,5.7,316.7,369.8,11.35,11.04,-0.65,-6.0
2023-09-25 01:30:00,4.952,12.43,0.0,180.0,0.0,0.0,83.21,2.043,1021.9,1.1,0.2,5.3,318.7,371.5,11.55,11.18,-0.65,-6.02
2023-09-25 02:00:00,4.942,12.26,0.0,180.0,0.0,0.0,83.06,2.043,1021.7,0.9,0.2,5.1,315.8,370.8,11.48,11.17,-0.62,-6.0
2023-09-25 02:30:00,4.926,12.01,0.0,180.0,0.0,0.0,83.32,2.046,1021.5,0.9,0.2,5.1,316.0,369.7,11.23,10.98,-0.6,-6.0
2023-09-25 03:00:00,4.915,11.75,0.0,180.0,0.0,0.0,83.9,2.04,1021.2,0.9,0.2,5.1,317.2,368.4,10.94,10.73,-0.65,-6.0
2023-09-25 03:30:00,4.902,11.58,0.0,180.0,0.0,0.0,84.02,2.039,1021.3,1.2,0.3,5.3,317.9,367.5,10.65,10.39,-0.62,-6.0
2023-09-25 04:00:00,4.888,11.66,0.0,180.0,0.0,0.0,83.0,2.044,1021.2,1.2,0.2,5.2,317.5,367.8,10.78,10.44,-0.62,-6.02
2023-09-25 04:30:00,4.872,11.71,0.0,180.0,0.0,0.0,82.3,2.026,1021.4,1.1,0.3,5.2,317.4,367.8,10.86,10.5,-0.62,-6.0
2023-09-25 05:00:00,4.853,11.68,0.0,180.0,0.0,0.0,82.4,2.034,1021.7,1.5,0.2,5.2,322.5,367.6,10.75,10.45,-0.65,-6.02
2023-09-25 05:30:00,4.832,11.6,0.0,180.0,0.0,0.0,82.87,2.006,1021.7,3.6,1.8,5.8,325.7,367.6,10.75,10.45,-0.62,-6.02
2023-09-25 06:00:00,4.817,11.64,0.0,180.0,0.0,0.0,82.83,2.01,1021.9,12.6,6.3,7.7,327.6,368.8,10.84,10.56,-0.65,-6.0
2023-09-25 06:30:00,4.883,11.91,0.0,180.0,0.0,0.0,82.14,2.05,1022.1,45.4,11.0,16.5,329.1,372.3,11.39,11.16,-0.62,-6.02
2023-09-25 07:00:00,5.029,12.55,0.0,180.0,0.0,0.0,80.5,2.018,1022.0,82.2,11.3,26.0,333.8,377.9,12.43,12.29,-0.65,-6.0
2023-09-25 07:30:00,5.227,13.58,0.0,180.0,0.0,0.0,78.32,2.01,1022.0,142.3,33.8,43.7,333.2,385.9,13.74,13.85,-0.65,-6.02
2023-09-25 08:00:00,5.226,15.21,0.0,180.0,0.0,0.0,74.34,2.002,1022.1,213.2,30.6,60.2,336.5,396.2,15.88,16.46,-0.65,-6.05
2023-09-25 08:30:00,5.233,15.54,0.0,180.0,0.0,0.0,72.33,2.007,1022.2,209.2,32.5,55.8,333.7,397.1,16.99,17.94,-0.62,-6.05
2023-09-25 09:00:00,5.221,16.51,0.0,180.0,0.0,0.0,70.76,2.027,1022.2,339.2,48.9,90.5,334.0,406.2,18.47,19.5,-0.65,-6.1
2023-09-25 09:30:00,5.222,17.13,0.0,180.0,0.0,0.0,69.4,2.022,1022.6,343.5,45.0,88.6,336.2,410.5,19.96,21.25,-0.62,-6.05
2023-09-25 10:00:00,5.225,17.59,0.0,180.0,0.0,0.0,69.01,2.016,1022.7,377.5,37.9,97.4,340.6,415.1,20.48,22.09,-0.65,-6.02
2023-09-25 10:30:00,5.222,18.47,0.0,180.0,0.0,0.0,67.11,2.018,1022.7,454.1,68.3,112.5,343.3,423.3,22.03,23.25,-0.62,-6.07
2023-09-25 11:00:00,5.224,19.38,0.0,180.0,0.0,0.0,65.55,2.004,1022.9,536.2,48.6,135.7,347.2,432.5,23.9,25.2,-0.6,-6.05
2023-09-25 11:30:00,5.222,19.99,0.0,180.0,0.0,0.0,64.41,2.015,1022.8,495.0,93.3,125.4,349.0,434.7,24.59,26.54,-0.62,-6.02
2023-09-25 12:00:00,5.232,20.58,0.0,180.0,0.0,0.0,63.37,2.044,1022.8,482.5,99.6,123.7,360.9,437.2,24.74,26.75,-0.6,-6.02
2023-09-25 12:30:00,5.232,20.81,0.0,180.0,0.0,0.0,63.61,2.018,1023.1,436.4,85.8,109.8,380.8,437.9,24.88,27.03,-0.62,-6.05
2023-09-25 13:00:00,5.236,20.68,0.0,180.0,0.0,0.0,64.19,2.038,1023.0,380.0,107.4,96.8,374.4,433.0,23.93,26.27,-0.62,-6.05
2023-09-25 13:30:00,5.235,22.01,0.0,180.0,0.0,0.0,62.04,2.048,1022.9,506.4,22.5,134.6,354.8,444.3,25.61,27.5,-0.65,-6.02
2023-09-25 14:00:00,5.231,21.6,0.0,180.0,0.0,0.0,62.81,2.05,1022.9,397.3,84.0,104.9,359.1,439.5,25.49,25.79,-0.65,-6.0
2023-09-25 14:30:00,5.24,21.21,0.0,180.0,0.0,0.0,63.72,2.043,1022.8,192.7,36.6,46.9,383.5,429.3,23.55,24.89,-0.65,-6.02
2023-09-25 15:00:00,5.239,21.01,0.0,180.0,0.0,0.0,65.22,2.042,1023.0,190.3,18.4,48.9,381.3,426.3,22.54,24.02,-0.65,-6.02
2023-09-25 15:30:00,5.244,21.09,0.0,180.0,0.0,0.0,65.06,2.046,1022.9,155.7,25.2,39.7,388.0,425.4,22.53,23.73,-0.62,-6.0
2023-09-25 16:00:00,5.255,20.61,0.0,180.0,0.0,0.0,67.8,2.044,1022.9,96.2,16.4,25.0,396.5,422.0,21.72,22.75,-0.62,-6.02
2023-09-25 16:30:00,5.258,20.19,0.0,180.0,0.0,0.0,68.43,2.046,1023.2,62.9,9.2,17.4,404.1,419.2,20.84,21.8,-0.62,-5.97
2023-09-25 17:00:00,5.244,19.43,0.0,180.0,0.0,0.0,75.53,2.047,1023.5,23.3,10.2,6.9,405.1,415.6,19.88,20.69,-0.62,-6.0
2023-09-25 17:30:00,5.222,18.65,0.0,180.0,0.0,0.0,78.99,2.044,1023.4,7.1,2.5,3.4,402.3,410.8,18.76,19.47,-0.62,-6.0
2023-09-25 18:00:00,5.205,18.0,0.0,180.0,0.0,0.0,81.15,2.041,1023.5,2.1,0.5,2.7,399.9,407.6,17.96,18.55,-0.62,-6.0
2023-09-25 18:30:00,5.181,17.56,0.0,180.0,0.0,0.0,83.66,2.031,1023.5,1.6,0.1,2.9,396.7,405.6,17.36,17.85,-0.62,-6.0
2023-09-25 19:00:00,5.156,17.16,0.0,180.0,0.0,0.0,85.26,2.018,1023.5,2.0,0.3,3.2,395.4,404.0,16.91,17.26,-0.62,-5.97
2023-09-25 19:30:00,5.135,16.97,0.0,180.0,0.0,0.0,88.23,2.019,1023.5,1.7,0.2,3.2,391.6,402.8,16.65,16.94,-0.62,-6.0
2023-09-25 20:00:00,5.115,16.25,0.0,180.0,0.0,0.0,89.98,2.018,1023.5,1.0,0.2,3.8,366.2,394.2,15.83,16.12,-0.62,-5.97
2023-09-25 20:30:00,5.104,15.42,0.0,180.0,0.0,0.0,92.67,2.005,1023.3,1.3,0.4,4.5,350.5,385.0,14.43,14.82,-0.62,-6.0
2023-09-25 21:00:00,5.088,14.74,0.0,180.0,0.0,0.0,94.28,2.006,1023.2,2.0,0.4,4.4,368.4,386.2,13.83,14.02,-0.62,-6.0
2023-09-25 21:30:00,5.074,14.71,0.0,180.0,0.0,0.0,95.1,1.998,1023.3,2.0,0.4,4.2,376.4,389.3,14.02,14.03,-0.62,-6.0
2023-09-25 22:00:00,5.057,14.61,0.0,180.0,0.0,0.0,95.5,1.992,1023.3,1.8,0.5,4.3,375.9,389.0,14.0,13.89,-0.65,-6.0
2023-09-25 22:30:00,5.033,14.24,0.0,180.0,0.0,0.0,95.93,1.997,1023.3,1.4,0.4,5.0,366.6,383.6,13.33,13.21,-0.65,-6.0
2023-09-25 23:00:00,5.02,13.74,0.0,180.0,0.0,0.0,96.41,2.064,1023.1,1.8,0.3,5.1,368.0,381.2,12.81,12.67,-0.62,-5.95
2023-09-25 23:30:00,5.005,13.22,0.0,180.0,0.0,0.0,96.6,2.042,1023.0,1.7,0.2,5.4,365.2,378.5,12.26,12.07,-0.65,-5.97
2023-09-26 00:00:00,4.99,13.17,0.0,180.0,0.0,0.0,96.89,2.051,1022.9,2.1,0.2,5.5,367.3,378.1,12.15,11.75,-0.65,-5.97
2023-09-26 00:30:00,4.973,13.16,0.0,180.0,0.0,0.0,96.95,2.051,1022.8,1.9,0.1,5.2,368.6,378.6,12.24,11.83,-0.65,-5.97
2023-09-26 01:00:00,4.959,13.26,0.0,180.0,0.0,0.0,96.45,2.049,1022.9,1.8,0.2,4.9,370.9,380.0,12.42,11.98,-0.62,-5.97
2023-09-26 01:30:00,4.945,13.52,0.0,180.0,0.0,0.0,95.09,2.05,1022.9,2.3,0.2,3.9,380.1,384.0,12.9,12.53,-0.65,-6.0
2023-09-26 02:00:00,4.931,13.93,0.0,180.0,0.0,0.0,92.83,1.981,1022.5,1.8,0.1,3.2,382.7,386.5,13.27,13.08,-0.65,-6.0
2023-09-26 02:30:00,4.915,13.89,0.0,180.0,0.0,0.0,93.13,1.988,1022.0,1.7,0.4,3.4,380.9,386.2,13.24,13.14,-0.65,-6.0
2023-09-26 03:00:00,4.897,13.72,0.0,180.0,0.0,0.0,91.99,1.974,1022.3,1.1,0.2,4.1,369.8,381.8,12.67,12.68,-0.65,-6.0
2023-09-26 03:30:00,4.884,13.48,0.0,180.0,0.0,0.0,91.07,1.98,1022.1,1.1,0.1,4.7,365.9,379.4,12.24,12.31,-0.62,-5.97
2023-09-26 04:00:00,4.869,13.12,0.0,180.0,0.0,0.0,91.51,2.063,1021.9,1.5,0.1,4.9,367.2,378.4,11.96,11.93,-0.62,-5.97
2023-09-26 04:30:00,4.85,13.16,0.0,180.0,0.0,0.0,90.52,2.057,1021.6,1.4,0.1,5.2,367.9,378.9,11.99,11.96,-0.65,-5.97
2023-09-26 05:00:00,4.816,12.89,0.0,180.0,0.0,0.0,91.26,2.036,1021.4,1.5,0.2,5.2,364.8,376.8,11.72,11.67,-0.67,-5.97
2023-09-26 05:30:00,4.822,12.98,0.0,180.0,0.0,0.0,91.04,2.04,1021.7,3.6,2.5,6.1,366.2,377.7,11.84,11.8,-0.65,-5.97
2023-09-26 06:00:00,4.812,12.87,0.0,180.0,0.0,0.0,92.17,2.003,1021.7,15.0,5.7,9.1,365.5,378.2,11.86,11.91,-0.62,-5.95
2023-09-26 06:30:00,4.865,13.29,0.0,180.0,0.0,0.0,90.33,2.004,1021.4,43.9,10.5,17.5,367.0,382.1,12.32,12.43,-0.62,-6.0
2023-09-26 07:00:00,5.024,14.12,0.0,180.0,0.0,0.0,87.61,2.0,1021.7,87.3,9.1,29.1,368.0,391.1,13.63,13.77,-0.65,-6.0
2023-09-26 07:30:00,5.196,14.62,0.0,180.0,0.0,0.0,85.97,2.0,1021.5,91.0,10.8,27.5,371.8,394.8,15.08,14.8,-0.65,-5.97
2023-09-26 08:00:00,5.242,14.97,0.0,180.0,0.0,0.0,85.66,2.069,1021.6,110.2,7.8,29.8,354.7,395.6,15.69,15.56,-0.65,-6.0
2023-09-26 08:30:00,5.232,16.13,0.0,180.0,0.0,0.0,82.78,2.022,1021.8,230.2,52.9,63.0,349.9,405.1,17.22,17.25,-0.62,-6.0
2023-09-26 09:00:00,5.229,16.59,0.0,180.0,0.0,0.0,81.6,2.018,1021.7,252.8,53.0,66.8,352.0,409.2,18.59,19.2,-0.62,-6.02
2023-09-26 09:30:00,5.225,17.94,0.0,180.0,0.0,0.0,78.32,2.036,1021.3,327.2,29.5,85.6,356.9,419.1,20.3,21.04,-0.62,-6.02
2023-09-26 10:00:00,5.233,18.14,0.0,180.0,0.0,0.0,76.22,2.042,1021.5,239.2,12.1,62.7,365.6,417.3,20.46,21.99,-0.62,-6.02
2023-09-26 10:30:00,5.218,18.7,0.0,180.0,0.0,0.0,75.83,2.053,1021.4,270.3,58.1,70.2,360.4,420.6,20.73,22.05,-0.65,-6.02
2023-09-26 11:00:00,5.229,19.27,0.0,180.0,0.0,0.0,74.03,2.047,1021.3,384.7,50.9,97.5,362.1,428.0,22.13,23.68,-0.62,-6.02
2023-09-26 11:30:00,5.227,20.82,0.0,180.0,0.0,0.0,70.5,2.05,1021.2,514.9,112.2,130.1,365.7,441.3,24.92,26.44,-0.62,-6.05
2023-09-26 12:00:00,5.227,21.39,0.0,180.0,0.0,0.0,69.35,2.059,1021.1,452.9,88.2,113.9,373.0,443.1,25.55,27.43,-0.62,-6.07
2023-09-26 12:30:00,5.231,21.74,0.0,180.0,0.0,0.0,67.11,2.038,1020.7,429.8,123.1,108.8,371.9,443.2,25.89,28.23,-0.62,-6.02
2023-09-26 13:00:00,5.24,21.41,0.0,180.0,0.0,0.0,66.5,2.042,1020.5,253.1,119.8,63.8,390.0,434.7,24.36,26.63,-0.6,-6.02
2023-09-26 13:30:00,5.235,21.29,0.0,180.0,0.0,0.0,66.97,2.048,1020.5,269.3,45.8,70.6,392.3,433.4,23.6,25.74,-0.62,-6.0
2023-09-26 14:00:00,5.236,21.54,0.0,180.0,0.0,0.0,66.85,2.049,1020.4,345.2,74.5,93.5,374.5,436.8,24.25,25.7,-0.62,-6.02
2023-09-26 14:30:00,5.238,21.67,0.0,180.0,0.0,0.0,66.3,2.038,1020.3,304.3,77.8,83.2,363.1,433.9,24.39,25.83,-0.65,-6.02
2023-09-26 15:00:00,5.238,21.24,0.0,180.0,0.0,0.0,66.48,2.038,1020.2,232.5,50.7,65.1,365.8,426.5,22.94,24.83,-0.62,-6.0
2023-09-26 15:30:00,5.24,20.99,0.0,180.0,0.0,0.0,68.3,2.035,1019.9,173.5,18.5,46.4,370.0,422.8,22.16,23.7,-0.62,-6.02
2023-09-26 16:00:00,5.252,20.65,0.0,180.0,0.0,0.0,71.22,2.026,1019.8,113.9,17.7,32.1,365.2,418.3,21.29,22.43,-0.65,-6.02
2023-09-26 16:30:00,5.255,19.93,0.0,180.0,0.0,0.0,74.03,2.025,1019.4,66.9,10.0,20.7,362.4,411.5,19.97,20.95,-0.62,-6.0
2023-09-26 17:00:00,5.262,19.35,0.0,180.0,0.0,0.0,76.53,2.027,1019.9,40.3,7.9,14.7,362.2,406.1,18.91,19.61,-0.62,-6.0
2023-09-26 17:30:00,5.231,18.18,0.0,180.0,0.0,0.0,81.46,2.03,1019.8,11.4,5.6,7.0,356.3,396.7,17.36,17.91,-0.62,-6.0
2023-09-26 18:00:00,5.211,17.23,0.0,180.0,0.0,0.0,85.06,2.026,1020.0,2.5,0.3,5.4,353.5,390.9,16.0,16.39,-0.62,-6.0
2023-09-26 18:30:00,5.187,16.38,0.0,180.0,0.0,0.0,88.23,2.025,1020.2,1.8,0.5,5.0,356.5,388.8,15.23,15.48,-0.65,-6.0
2023-09-26 19:00:00,5.171,15.97,0.0,180.0,0.0,0.0,89.95,2.028,1020.2,2.3,0.3,5.4,354.1,387.6,14.73,14.87,-0.62,-5.97
2023-09-26 19:30:00,5.154,15.91,0.0,180.0,0.0,0.0,89.71,2.031,1020.3,2.4,0.4,5.8,348.0,384.3,14.41,14.41,-0.62,-6.0
2023-09-26 20:00:00,5.139,15.67,0.0,180.0,0.0,0.0,89.68,2.037,1020.1,2.4,0.3,5.7,346.4,383.1,14.25,14.1,-0.62,-6.0
2023-09-26 20:30:00,5.123,15.16,0.0,180.0,0.0,0.0,91.77,2.026,1020.2,2.2,0.2,5.1,351.5,383.1,13.91,13.81,-0.62,-5.97
2023-09-26 21:00:00,5.11,15.2,0.0,180.0,0.0,0.0,92.13,1.983,1020.4,2.5,0.2,5.5,360.8,385.6,13.94,13.77,-0.62,-5.97
2023-09-26 21:30:00,5.101,15.54,0.0,180.0,0.0,0.0,90.31,2.029,1020.3,2.3,0.4,5.8,352.6,384.7,14.17,13.91,-0.62,-5.97
2023-09-26 22:00:00,5.08,15.39,0.0,180.0,0.0,0.0,90.25,2.034,1020.5,2.1,0.3,5.6,343.0,381.2,13.95,13.69,-0.62,-6.0
2023-09-26 22:30:00,5.062,14.74,0.0,180.0,0.0,0.0,92.48,2.06,1020.3,1.8,0.2,5.0,344.9,378.7,13.5,13.34,-0.62,-6.0
2023-09-26 23:00:00,5.047,14.05,0.0,180.0,0.0,0.0,94.03,2.001,1020.0,1.8,0.2,5.2,352.9,378.8,12.89,12.74,-0.62,-5.97
2023-09-26 23:30:00,5.025,14.0,0.0,180.0,0.0,0.0,95.07,2.046,1020.3,3.0,0.3,4.8,373.0,383.2,13.04,12.72,-0.65,-5.97
2023-09-27 00:00:00,5.017,14.5,0.0,180.0,0.0,0.0,94.84,2.049,1020.5,1.9,0.7,4.4,373.8,387.3,13.74,13.39,-0.65,-5.95
2023-09-27 00:30:00,4.998,14.1,0.0,180.0,0.0,0.0,95.14,2.045,1020.5,1.6,0.2,5.1,366.0,381.9,13.08,12.88,-0.62,-5.97
2023-09-27 01:00:00,4.985,13.89,0.0,180.0,0.0,0.0,95.12,2.046,1020.4,1.8,0.3,5.1,367.3,381.1,12.88,12.59,-0.62,-5.97
2023-09-27 01:30:00,4.966,13.34,0.0,180.0,0.0,0.0,95.06,2.06,1020.4,1.8,0.2,5.1,366.6,378.7,12.37,12.13,-0.65,-6.0
2023-09-27 02:00:00,4.951,12.96,0.0,180.0,0.0,0.0,94.82,2.048,1020.5,2.1,0.4,5.4,365.9,376.8,11.96,11.67,-0.62,-6.0
2023-09-27 02:30:00,4.931,13.06,0.0,180.0,0.0,0.0,94.48,2.031,1020.6,2.2,0.3,5.5,367.5,377.3,12.03,11.66,-0.65,-5.97
2023-09-27 03:00:00,4.916,12.88,0.0,180.0,0.0,0.0,93.96,2.04,1020.5,2.1,0.2,5.4,367.8,376.7,11.89,11.51,-0.65,-5.97
2023-09-27 03:30:00,4.907,12.61,0.0,180.0,0.0,0.0,93.57,2.048,1020.4,1.9,0.3,5.0,367.5,375.9,11.73,11.39,-0.65,-5.97
2023-09-27 04:00:00,4.892,12.19,0.0,180.0,0.0,0.0,93.27,1.999,1020.8,1.9,0.4,4.9,367.0,374.8,11.44,11.12,-0.62,-5.97
2023-09-27 04:30:00,4.878,12.31,0.0,180.0,0.0,0.0,93.06,2.0,1020.8,2.2,0.3,5.3,367.5,374.7,11.42,10.98,-0.62,-6.0
2023-09-27 05:00:00,4.862,12.45,0.0,180.0,0.0,0.0,92.79,2.0,1020.5,2.2,0.3,5.1,370.0,376.2,11.66,11.18,-0.62,-5.97
2023-09-27 05:30:00,4.847,12.53,0.0,180.0,0.0,0.0,92.52,2.0,1020.4,2.5,0.8,5.2,369.1,376.3,11.74,11.26,-0.65,-5.97
2023-09-27 06:00:00,4.844,13.01,0.0,180.0,0.0,0.0,92.23,2.016,1020.4,14.4,7.0,8.8,372.5,380.1,12.36,11.87,-0.62,-6.0
2023-09-27 06:30:00,4.886,13.29,0.0,180.0,0.0,0.0,91.83,2.025,1020.5,34.3,6.0,14.5,375.2,383.6,12.93,12.7,-0.62,-6.0
2023-09-27 07:00:00,5.001,13.64,0.0,180.0,0.0,0.0,91.07,2.035,1020.5,58.4,5.0,23.1,376.8,387.4,13.55,13.53,-0.62,-5.97
2023-09-27 07:30:00,5.221,14.2,0.0,180.0,0.0,0.0,89.62,2.044,1021.0,114.7,48.3,36.9,376.3,391.0,14.11,14.5,-0.67,-6.0
2023-09-27 08:00:00,5.227,15.95,0.0,180.0,0.0,0.0,85.12,2.048,1021.2,184.9,33.5,57.9,379.5,399.5,15.48,16.73,-0.62,-6.05
2023-09-27 08:30:00,5.223,18.19,0.0,180.0,0.0,0.0,79.41,2.045,1021.5,314.6,53.0,95.9,383.5,412.6,17.59,19.38,-0.62,-6.07
2023-09-27 09:00:00,5.234,18.39,0.0,180.0,0.0,0.0,79.52,2.042,1021.1,206.0,54.5,57.9,375.5,417.6,19.24,20.74,-0.62,-6.0
2023-09-27 09:30:00,5.238,18.16,0.0,180.0,0.0,0.0,81.33,2.041,1021.0,136.7,10.5,40.7,375.0,414.3,19.2,20.04,-0.62,-6.0
2023-09-27 10:00:00,5.24,18.94,0.0,180.0,0.0,0.0,79.9,2.028,1020.7,154.7,22.4,44.7,378.4,419.0,19.91,20.36,-0.6,-6.02
2023-09-27 10:30:00,5.228,19.56,0.0,180.0,0.0,0.0,78.37,2.02,1020.8,251.3,67.6,68.2,378.8,424.7,21.19,21.63,-0.62,-6.02
2023-09-27 11:00:00,5.237,20.3,0.0,180.0,0.0,0.0,76.79,2.01,1020.0,222.7,66.4,60.5,382.9,427.0,22.21,22.7,-0.62,-6.02
2023-09-27 11:30:00,5.223,22.04,0.0,180.0,0.0,0.0,71.58,2.041,1019.9,584.7,119.5,152.5,377.3,448.2,25.86,26.49,-0.57,-6.05
2023-09-27 12:00:00,5.225,22.77,0.0,180.0,0.0,0.0,67.42,2.012,1019.4,569.6,49.2,149.3,360.9,449.4,27.04,28.57,-0.57,-6.02
2023-09-27 12:30:00,5.226,23.34,0.0,180.0,0.0,0.0,65.64,2.056,1019.1,545.8,17.8,144.4,359.7,452.0,27.52,29.5,-0.6,-6.02
2023-09-27 13:00:00,5.228,23.79,0.0,180.0,0.0,0.0,64.54,2.087,1018.4,524.8,12.8,140.4,361.9,453.4,27.8,30.04,-0.55,-6.02
2023-09-27 13:30:00,5.24,23.86,0.0,180.0,0.0,0.0,64.05,2.036,1018.0,475.9,67.8,129.0,361.3,450.5,27.47,30.12,-0.57,-6.02
2023-09-27 14:00:00,5.236,23.45,0.0,180.0,0.0,0.0,65.46,2.022,1018.2,434.0,92.6,119.7,369.7,447.5,26.68,28.04,-0.57,-6.0
2023-09-27 14:30:00,5.24,23.04,0.0,180.0,0.0,0.0,66.0,2.04,1017.8,354.8,126.8,98.7,373.8,442.8,26.4,28.34,-0.57,-6.0
2023-09-27 15:00:00,5.249,21.85,0.0,180.0,0.0,0.0,70.7,1.991,1017.2,120.7,18.6,33.0,384.3,428.2,23.06,25.01,-0.57,-5.97
2023-09-27 15:30:00,5.253,21.39,0.0,180.0,0.0,0.0,72.96,2.04,1017.0,90.1,3.0,26.5,384.9,424.1,21.83,23.24,-0.57,-6.0
2023-09-27 16:00:00,5.257,21.15,0.0,180.0,0.0,0.0,73.66,2.044,1016.6,75.7,10.1,23.6,384.9,421.7,21.33,22.31,-0.57,-6.0
2023-09-27 16:30:00,5.251,20.85,0.0,180.0,0.0,0.0,75.21,2.03,1016.3,75.6,9.5,24.5,383.4,419.7,20.91,21.66,-0.57,-6.0
2023-09-27 17:00:00,5.244,20.49,0.0,180.0,0.0,0.0,76.06,2.026,1016.1,31.9,20.8,11.9,375.3,413.8,20.29,20.86,-0.57,-5.97
2023-09-27 17:30:00,5.221,19.96,0.0,180.0,0.0,0.0,77.16,2.019,1015.9,6.1,2.1,5.2,379.7,409.6,19.21,19.58,-0.57,-6.0
2023-09-27 18:00:00,5.197,19.71,0.0,180.0,0.0,0.0,77.62,2.06,1015.5,2.0,0.4,4.4,379.3,408.6,18.95,19.11,-0.57,-5.97
2023-09-27 18:30:00,5.171,19.32,0.0,180.0,0.0,0.0,78.31,2.067,1015.3,1.5,0.3,4.3,375.8,406.2,18.56,18.64,-0.57,-5.97
2023-09-27 19:00:00,5.148,18.99,0.0,180.0,0.0,0.0,79.05,2.068,1015.1,1.9,0.2,4.3,380.5,405.1,18.17,18.21,-0.57,-5.97
2023-09-27 19:30:00,5.126,18.94,0.0,180.0,0.0,0.0,79.12,2.055,1014.9,1.9,0.3,4.3,382.3,405.2,18.15,18.09,-0.57,-6.0
2023-09-27 20:00:00,5.107,18.91,0.0,180.0,0.0,0.0,78.72,2.016,1014.4,2.1,0.3,4.3,382.8,405.3,18.12,18.01,-0.57,-6.0
2023-09-27 20:30:00,5.091,18.85,0.0,180.0,0.0,0.0,78.27,2.015,1014.1,2.0,0.2,4.1,385.9,405.7,18.17,18.06,-0.6,-5.97
2023-09-27 21:00:00,5.072,19.07,0.0,180.0,0.0,0.0,77.08,2.014,1013.8,2.2,0.2,3.9,391.2,407.1,18.45,18.29,-0.57,-6.0
2023-09-27 21:30:00,5.065,18.94,0.0,180.0,0.0,0.0,77.6,2.011,1013.6,1.9,0.1,3.6,389.1,407.0,18.49,18.41,-0.57,-5.97
2023-09-27 22:00:00,5.041,18.85,0.0,180.0,0.0,0.0,78.11,2.018,1013.3,1.9,0.2,3.8,386.6,406.0,18.3,18.28,-0.6,-6.0
2023-09-27 22:30:00,5.03,18.66,0.0,180.0,0.0,0.0,79.22,2.019,1013.5,1.9,0.1,3.9,384.4,404.5,18.05,18.07,-0.6,-5.97
2023-09-27 23:00:00,5.014,18.52,0.0,180.0,0.0,0.0,79.85,1.982,1013.3,2.0,0.2,4.4,377.3,402.4,17.7,17.68,-0.57,-5.97
2023-09-27 23:30:00,4.999,18.92,0.0,180.0,0.0,0.0,78.18,2.043,1013.4,2.2,0.3,4.8,375.1,403.0,17.9,17.68,-0.6,-6.0
2023-09-28 00:00:00,4.982,19.14,0.0,180.0,0.0,0.0,77.32,2.023,1013.5,1.7,0.3,4.9,365.7,402.1,18.12,17.83,-0.55,-5.97
2023-09-28 00:30:00,4.967,18.86,0.0,180.0,0.0,0.0,78.14,2.021,1013.9,1.5,0.3,5.3,355.6,398.5,17.65,17.44,-0.6,-5.97
2023-09-28 01:00:00,4.951,18.57,0.0,180.0,0.0,0.0,79.06,2.028,1014.1,1.5,0.3,5.5,350.0,396.2,17.27,17.06,-0.6,-5.97
2023-09-28 01:30:00,4.933,17.79,0.0,180.0,0.0,0.0,81.77,2.023,1014.2,1.2,0.4,5.4,346.3,391.0,16.47,16.4,-0.57,-5.97
2023-09-28 02:00:00,4.916,17.47,0.0,180.0,0.0,0.0,83.11,2.031,1014.4,1.8,0.4,5.8,349.2,391.8,16.03,15.95,-0.57,-5.97
2023-09-28 02:30:00,4.904,17.23,0.0,180.0,0.0,0.0,84.28,2.001,1014.4,1.7,0.3,6.0,344.4,390.2,15.75,15.66,-0.6,-5.97
2023-09-28 03:00:00,4.887,17.41,0.0,180.0,0.0,0.0,84.56,2.007,1014.5,2.2,0.3,6.4,344.7,393.0,15.84,15.6,-0.57,-5.95
2023-09-28 03:30:00,4.871,17.46,0.0,180.0,0.0,0.0,84.16,2.054,1014.8,1.5,0.4,6.1,340.2,392.8,16.05,15.71,-0.57,-5.95
2023-09-28 04:00:00,4.855,16.59,0.0,180.0,0.0,0.0,85.91,2.0,1015.3,1.0,0.3,5.4,338.9,384.9,15.27,15.26,-0.57,-6.0
2023-09-28 04:30:00,4.836,15.82,0.0,180.0,0.0,0.0,87.92,1.999,1015.3,1.6,0.4,5.4,346.3,384.8,14.44,14.54,-0.6,-5.97
2023-09-28 05:00:00,4.822,16.31,0.0,180.0,0.0,0.0,85.15,2.017,1015.6,1.0,0.3,7.2,350.1,389.1,14.63,14.58,-0.6,-5.97
2023-09-28 05:30:00,4.809,16.35,0.0,180.0,0.0,0.0,84.0,2.001,1015.9,1.1,0.9,6.2,333.1,389.6,15.13,14.81,-0.6,-5.95
2023-09-28 06:00:00,4.793,16.04,0.0,180.0,0.0,0.0,82.82,2.017,1016.3,9.8,5.1,7.9,330.3,387.6,14.96,14.66,-0.57,-5.97
2023-09-28 06:30:00,4.837,15.91,0.0,180.0,0.0,0.0,82.83,2.049,1016.6,34.0,8.0,14.1,326.7,388.4,14.91,14.7,-0.6,-5.97
2023-09-28 07:00:00,5.063,16.34,0.0,180.0,0.0,0.0,81.89,2.054,1017.0,66.8,8.7,28.7,329.5,392.5,15.73,15.41,-0.6,-5.97
2023-09-28 07:30:00,5.242,16.8,0.0,180.0,0.0,0.0,81.17,2.047,1017.3,99.5,16.3,31.2,371.7,400.9,17.02,16.95,-0.6,-5.97
2023-09-28 08:00:00,5.247,16.89,0.0,180.0,0.0,0.0,81.5,2.06,1017.6,91.3,9.3,25.6,393.8,404.4,17.59,17.73,-0.6,-5.97
2023-09-28 08:30:00,5.238,17.45,0.0,180.0,0.0,0.0,80.11,2.037,1017.9,152.8,36.7,41.9,392.5,409.4,18.4,18.91,-0.57,-6.0
2023-09-28 09:00:00,5.238,18.15,0.0,180.0,0.0,0.0,78.16,2.04,1017.9,212.2,42.8,57.0,380.6,415.2,19.86,20.79,-0.6,-6.0
2023-09-28 09:30:00,5.228,18.9,0.0,180.0,0.0,0.0,76.05,2.04,1018.3,349.6,48.6,96.4,352.2,421.0,21.29,22.52,-0.57,-6.0
2023-09-28 10:00:00,5.231,19.09,0.0,180.0,0.0,0.0,74.76,2.05,1018.3,331.4,45.5,88.4,362.4,422.9,21.81,23.46,-0.57,-6.02
2023-09-28 10:30:00,5.235,18.9,0.0,180.0,0.0,0.0,75.16,2.044,1018.4,240.0,12.5,63.8,399.0,422.5,21.34,23.46,-0.57,-6.0
2023-09-28 11:00:00,5.233,18.78,0.0,180.0,0.0,0.0,75.58,2.043,1018.6,205.2,36.6,55.3,399.8,420.1,20.77,22.82,-0.57,-5.97
2023-09-28 11:30:00,5.239,18.91,0.0,180.0,0.0,0.0,74.97,2.043,1018.9,191.6,26.4,51.7,399.4,419.8,20.78,22.59,-0.57,-5.97
2023-09-28 12:00:00,5.233,19.05,0.0,180.0,0.0,0.0,74.1,2.04,1018.8,245.7,29.6,67.4,396.4,421.1,20.9,22.7,-0.65,-6.0
2023-09-28 12:30:00,5.245,19.6,0.0,180.0,0.0,0.0,71.2,2.047,1018.7,267.6,60.2,71.2,394.1,425.9,21.99,23.75,-0.57,-6.02
